"Method","name1","name2","HeS","HoS","DL","HD","DR"
"CbMPDiCbraya","N0.N.1","N0.N.2",0,0.998361551064992,0,0,0.00163844893500819
"CbMPDiCbraya","N0.N.1","N0.N.3",0,0.999044238121245,0,0,0.000955761878754779
"CbMPDiCbraya","N0.N.1","N0.N.4",0,0.998907924297458,0,0,0.00109207570254162
"CbMPDiCbraya","N0.N.1","N0.N.5",0,0.998634625887493,0,0,0.00136537411250683
"CbMPDiCbraya","N0.N.1","N0.O.1",0.0834699453551913,0.137431693989071,0.573224416768883,0.0087431693989071,0.197130774487947
"CbMPDiCbraya","N0.N.1","N0.O.2",0.0322448979591837,0.0844897959183673,0.588024795936944,0.00217687074829932,0.293063639437206
"CbMPDiCbraya","N0.N.1","N0.O.3",0.0207542051003798,0.248372219207813,0.53309376438162,0.000135648399348888,0.197644162910838
"CbMPDiCbraya","N0.N.1","N0.O.4",0.0226281352235551,0.151581243184297,0.561476527774717,0.000681570338058888,0.263632523479372
"CbMPDiCbraya","N0.N.1","N0.O.5",0.0773744541484716,0.0408024017467249,0.559088055301825,0,0.322735088802978
"CbMPDiCbraya","N0.N.1","N0.RH.1",0.000817884405670665,0.21782988004362,0.616956353292711,0.00436205016357688,0.160033832094421
"CbMPDiCbraya","N0.N.1","N0.RH.2",0.0209016393442623,0.860519498736096,0,0,0.118578861919641
"CbMPDiCbraya","N0.N.1","N0.RH.3",0.0574195308237861,0.879295490794265,0,0.0010911074740862,0.0621938709078628
"CbMPDiCbraya","N0.N.1","N0.RH.4",0.0088411316648531,0.111262241566921,0.649888586066706,0,0.23000804070152
"CbMPDiCbraya","N0.N.1","N0.RH.5",0.0615468409586057,0.722492694207363,0.0159313725490196,0,0.200029092285012
"CbMPDiCbraya","N0.N.1","N0.RT.1",0.046806768558952,0.0529475982532751,0.67003237844593,0.0013646288209607,0.228848625920882
"CbMPDiCbraya","N0.N.1","N0.RT.2",0,0.933380240440327,0.00683994528043776,0.00314637482900137,0.0566334394502343
"CbMPDiCbraya","N0.N.1","N0.RT.3",0.0178620125443142,0.788245592191088,0.0212707935642214,0.00190891737114808,0.170712684329229
"CbMPDiCbraya","N0.N.1","N0.RT.4",0.105457025920873,0.1268758526603,0.601363697664074,0.00559345156889495,0.160709972185858
"CbMPDiCbraya","N0.N.1","N0.RT.5",0.00177208287895311,0.919709897458469,0.00572519083969466,0,0.0727928288228837
"CbMPDiCbraya","N0.N.1","N0.Z.1",0.0312329514457174,0.639524623363823,0.0455537370430987,0,0.283688688147361
"CbMPDiCbraya","N0.N.1","N0.Z.2",0.0130861504907306,0.019629225736096,0.614911642278534,0,0.352372981494639
"CbMPDiCbraya","N0.N.1","N0.Z.3",0.0552080500407941,0.0220288278487898,0.640736948516224,0,0.282026173594192
"CbMPDiCbraya","N0.N.1","N0.Z.4",0.0365620736698499,0.0492496589358799,0.0130968622100955,0,0.901091405184175
"CbMPDiCbraya","N0.N.1","N0.Z.5",0.00450327510917031,0.65092757495248,0,0,0.344569149938349
"CbMPDiCbraya","N0.N.1","N2.N.1",0,0.998634998533266,0,0,0.00136500146673376
"CbMPDiCbraya","N0.N.1","N2.N.2",0,0.996586564718733,0,0,0.00341343528126707
"CbMPDiCbraya","N0.N.1","N2.N.3",0,0.997132117641917,0,0,0.00286788235808351
"CbMPDiCbraya","N0.N.1","N2.N.4",0,0.997815401419989,0,0,0.00218459858001092
"CbMPDiCbraya","N0.N.1","N2.N.5",0,0.998362072769074,0,0,0.0016379272309259
"CbMPDiCbraya","N0.N.1","N2.O.1",0.0987738419618529,0.0573569482288828,0.526020310218951,0.000136239782016349,0.317712659808297
"CbMPDiCbraya","N0.N.1","N2.O.2",0.0193460490463215,0.107901907356948,0.524657912398787,0,0.348094131197943
"CbMPDiCbraya","N0.N.1","N2.O.3",0.0901639344262295,0.0346994535519126,0.523497640812599,0,0.351638971209259
"CbMPDiCbraya","N0.N.1","N2.O.4",0.0158081221041156,0.0808122104115563,0.522756942270539,0,0.38062272521379
"CbMPDiCbraya","N0.N.1","N2.O.5",0.0268100163309744,0.061377245508982,0.549535059269277,0,0.362277678890766
"CbMPDiCbraya","N0.N.1","N2.RH.1",0.0502717391304348,0.0251358695652174,0.542931443378529,0.00964673913043478,0.372014208795384
"CbMPDiCbraya","N0.N.1","N2.RH.2",0.0126358695652174,0.0658967391304348,0.634643399900268,0.0101902173913043,0.276633774012775
"CbMPDiCbraya","N0.N.1","N2.RH.3",0.0485978763953172,0.0337598693166349,0.560166754816875,0.0123876939831201,0.345087805488053
"CbMPDiCbraya","N0.N.1","N2.RH.4",0.0410865410865411,0.0548730548730549,0.566611880238314,0.00627900627900628,0.331149517523084
"CbMPDiCbraya","N0.N.1","N2.RH.5",0.0559192580469176,0.066012002182215,0.547735207106322,0.012684124386252,0.317649408278294
"CbMPDiCbraya","N0.N.1","N2.RT.1",0.0451322607035724,0.750203596008923,0.0362694300518135,0,0.168394713235692
"CbMPDiCbraya","N0.N.1","N2.RT.2",0.0118604406004192,0.0561613958560523,0.681569221340693,0.00054525627044711,0.249863685932388
"CbMPDiCbraya","N0.N.1","N2.RT.3",0.0216916780354707,0.621281842275261,0.0728512960436562,0.00136425648021828,0.282810927165394
"CbMPDiCbraya","N0.N.1","N2.RT.4",0.0145935624659029,0.801963248568406,0.0130932896890344,0.00545553737043099,0.164894361906226
"CbMPDiCbraya","N0.N.1","N2.RT.5",0.0394700901393062,0.0775744332149686,0.668533187653647,0.00300464354001639,0.211417645452062
"CbMPDiCbraya","N0.N.1","N2.Z.1",0.0197763229678123,0,0.576785943603867,0,0.403437733428321
"CbMPDiCbraya","N0.N.1","N2.Z.2",0,0.0524666121559008,0.565956724227475,0,0.381576663616624
"CbMPDiCbraya","N0.N.1","N2.Z.3",0.0188010899182561,0.0397820163487738,0.559807776159005,0,0.381609117573965
"CbMPDiCbraya","N0.N.1","N2.Z.4",0,0.0214305214305214,0.576849390475824,0,0.401720088093654
"CbMPDiCbraya","N0.N.1","N2.Z.5",0.0370923913043478,0.0300271739130435,0.574996660769834,0,0.357883774012775
"CbMPDiCbraya","N0.N.1","N4.N.1",0,0.998907812534246,0,0,0.00109218746575382
"CbMPDiCbraya","N0.N.1","N4.N.2",0,0.998771312397746,0,0,0.00122868760225396
"CbMPDiCbraya","N0.N.1","N4.N.3",0,0.998907924297458,0,0,0.00109207570254162
"CbMPDiCbraya","N0.N.1","N4.N.4",0,0.998908147640964,0,0,0.00109185235903574
"CbMPDiCbraya","N0.N.1","N4.N.5",0,0.99849786470556,0,0,0.0015021352944397
"CbMPDiCbraya","N0.N.1","N4.O.1",0.0241210139002453,0.0239847369855546,0.517714696426985,0,0.434179552687216
"CbMPDiCbraya","N0.N.1","N4.O.2",0.044341675734494,0.0187704026115343,0.507750392377914,0.000136017410228509,0.429001511865829
"CbMPDiCbraya","N0.N.1","N4.O.3",0.0137527233115468,0.0068082788671024,0.506261757388191,0,0.47317724043316
"CbMPDiCbraya","N0.N.1","N4.O.4",0.0323545405111474,0.505978541872512,0.005573681348559,0,0.456093236267781
"CbMPDiCbraya","N0.N.1","N4.O.5",0,0.00163710777626194,0.501363697664074,0,0.496999194559664
"CbMPDiCbraya","N0.N.1","N4.RH.1",0.0730811105062602,0.0470876428960261,0.532659719040644,0.0142896026129559,0.332881924944114
"CbMPDiCbraya","N0.N.1","N4.RH.2",0.131435576137292,0.0347316807409425,0.577906253286977,0.0186597657314083,0.23726672410338
"CbMPDiCbraya","N0.N.1","N4.RH.3",0.0130968622100955,0.0963165075034106,0.531240914580854,0.0229195088676671,0.336426206837972
"CbMPDiCbraya","N0.N.1","N4.RH.4",0.0349344978165939,0.00109170305676856,0.657341330410996,0.00177401746724891,0.304858451248393
"CbMPDiCbraya","N0.N.1","N4.RH.5",0.0319410319410319,0.0697515697515698,0.541768855395289,0,0.356538542912109
"CbMPDiCbraya","N0.N.1","N4.RT.1",0.0154076902099809,0.034633215162258,0.748021976156182,0.00381783474229616,0.198119283729283
"CbMPDiCbraya","N0.N.1","N4.RT.2",0.0310965630114566,0.00436442989634479,0.0459629023458811,0.00845608292416803,0.91012002182215
"CbMPDiCbraya","N0.N.1","N4.RT.3",0.0550258785072187,0.0183873603922637,0.662215705752246,0.00667393080904386,0.257697124539228
"CbMPDiCbraya","N0.N.1","N4.RT.4",0.0121385706492089,0.0561920349154392,0.740042899414014,0.00818330605564648,0.183443188965692
"CbMPDiCbraya","N0.N.1","N4.RT.5",0.000681570338058888,0.767310769868501,0.036123227917121,0.00436205016357688,0.191522381712742
"CbMPDiCbraya","N0.N.1","N4.Z.1",0.00776566757493188,0.0309264305177112,0.541687885150831,0,0.419620016756526
"CbMPDiCbraya","N0.N.1","N4.Z.2",0.0088411316648531,0.0281556039173014,0.549643754728295,0,0.41335950968955
"CbMPDiCbraya","N0.N.1","N4.Z.3",0.00857843137254902,0.00939542483660131,0.550924066756383,0,0.431102077034467
"CbMPDiCbraya","N0.N.1","N4.Z.4",0.0257774140752864,0.00872885979268958,0.551281306397102,0,0.414212419734922
"CbMPDiCbraya","N0.N.1","N4.Z.5",0.00217509516041327,0.00802066340402393,0.546489689235209,0,0.443314552200353
"CbMPDiCbraya","N0.N.1","N6.N.1",0,0.998634625887493,0,0,0.00136537411250683
"CbMPDiCbraya","N0.N.1","N6.N.2",0,0.998498759055616,0,0,0.00150124094438438
"CbMPDiCbraya","N0.N.1","N6.N.3",0,0.997132714363736,0,0,0.00286728563626434
"CbMPDiCbraya","N0.N.1","N6.N.4",0,0.995487991280727,0,0,0.00451200871927311
"CbMPDiCbraya","N0.N.1","N6.N.5",0,0.991932192593637,0,0,0.00806780740636282
"CbMPDiCbraya","N0.N.1","N6.O.1",0.0100680272108844,0.0356462585034014,0.514419353760073,0,0.439866360525641
"CbMPDiCbraya","N0.N.1","N6.O.2",0.0290586630286494,0.00995907230559345,0.502182251552205,0,0.458800013113552
"CbMPDiCbraya","N0.N.1","N6.O.3",0.00668121079901827,0,0.506134874983561,0,0.487183914217421
"CbMPDiCbraya","N0.N.1","N6.O.4",0.0137789904502046,0,0.509003533953296,0,0.477217475596499
"CbMPDiCbraya","N0.N.1","N6.O.5",0.0636388360076149,0.00448735382104977,0.522977905818373,0,0.408895904352963
"CbMPDiCbraya","N0.N.1","N6.RH.1",0.119879847078099,0.0243036592026215,0.561441835062807,0.0110595303113053,0.283315128345167
"CbMPDiCbraya","N0.N.1","N6.RH.2",0.000817884405670665,0.0486641221374046,0.741547411089875,0.0189476553980371,0.190022926969012
"CbMPDiCbraya","N0.N.1","N6.RH.3",0.00927694406548431,0.023055934515689,0.702727954144292,0.0221009549795362,0.242838212294998
"CbMPDiCbraya","N0.N.1","N6.RH.4",0.0700870985302123,0.0308927599346761,0.54899069345545,0.00108873162765378,0.348940716452007
"CbMPDiCbraya","N0.N.1","N6.RH.5",0.00491937687892867,0.0717409128177098,0.566548796955772,0,0.35679091334759
"CbMPDiCbraya","N0.N.1","N6.RT.1",0.0666227415521662,0.0299727520435967,0.645366359265272,0.00722070844686648,0.250817438692098
"CbMPDiCbraya","N0.N.1","N6.RT.2",0.0114628820960699,0.670987618620603,0.0203329694323144,0.00245633187772926,0.294760197973284
"CbMPDiCbraya","N0.N.1","N6.RT.3",0.00995907230559345,0.0312414733969986,0.625511037363938,0.00886766712141883,0.324420749812051
"CbMPDiCbraya","N0.N.1","N6.RT.4",0,0.704686623382558,0.0719542109566639,0.0092668301989643,0.214092335461814
"CbMPDiCbraya","N0.N.1","N6.RT.5",0,0.815078034058196,0.00928708003277793,0.0036875170718383,0.171947368837188
"CbMPDiCbraya","N0.N.1","N6.Z.1",0,0.0296205296205296,0.554463368089802,0,0.415916102289669
"CbMPDiCbraya","N0.N.1","N6.Z.2",0,0.0188164712298882,0.566674825897114,0,0.414508702872997
"CbMPDiCbraya","N0.N.1","N6.Z.3",0.00751160885004097,0.556951839029516,0.00641901119912592,0,0.429117540921318
"CbMPDiCbraya","N0.N.1","N6.Z.4",0,0.560522329301435,0.0166303162486369,0,0.422847354449928
"CbMPDiCbraya","N0.N.1","N6.Z.5",0.0182760501909438,0,0.558646281847184,0,0.423077667961873
"CbMPDiCbraya","N0.N.2","N0.N.3",0,0.998771163298744,0,0,0.00122883670125614
"CbMPDiCbraya","N0.N.2","N0.N.4",0,0.998634849474957,0,0,0.00136515052504299
"CbMPDiCbraya","N0.N.2","N0.N.5",0,0.998361551064992,0,0,0.00163844893500819
"CbMPDiCbraya","N0.N.2","N0.O.1",0.0834699453551913,0.137431693989071,0.577049180327869,0.00724043715846995,0.194808743169399
"CbMPDiCbraya","N0.N.2","N0.O.2",0.0322448979591837,0.0844897959183673,0.586258503401361,0.00217687074829932,0.294829931972789
"CbMPDiCbraya","N0.N.2","N0.O.3",0.0207542051003798,0.248372219207813,0.529565127974745,0.000271296798697775,0.201037150918364
"CbMPDiCbraya","N0.N.2","N0.O.4",0.0226281352235551,0.151581243184297,0.559296619411123,0.000681570338058888,0.265812431842966
"CbMPDiCbraya","N0.N.2","N0.O.5",0.0773744541484716,0.0408024017467249,0.555949781659389,0,0.325873362445415
"CbMPDiCbraya","N0.N.2","N0.RH.1",0.000817884405670665,0.21782988004362,0.0190839694656489,0,0.76226826608506
"CbMPDiCbraya","N0.N.2","N0.RH.2",0.0209016393442623,0.860246423913595,0,0,0.118851936742143
"CbMPDiCbraya","N0.N.2","N0.RH.3",0.0574195308237861,0.879022415971763,0,0.0010911074740862,0.0624669457303642
"CbMPDiCbraya","N0.N.2","N0.RH.4",0.0088411316648531,0.111262241566921,0.658184608088601,0,0.221712018679625
"CbMPDiCbraya","N0.N.2","N0.RH.5",0.0615468409586057,0.722219619384862,0.0159313725490196,0,0.200302167107513
"CbMPDiCbraya","N0.N.2","N0.RT.1",0.046806768558952,0.0529475982532751,0.0394377729257642,0.0013646288209607,0.859443231441048
"CbMPDiCbraya","N0.N.2","N0.RT.2",0,0.933107165617825,0.00574372357506121,0.00287277701778386,0.0582763337893297
"CbMPDiCbraya","N0.N.2","N0.RT.3",0.0178620125443142,0.787972517368586,0.0226356091653651,0.00190891737114808,0.169620943550586
"CbMPDiCbraya","N0.N.2","N0.RT.4",0.105457025920873,0.1268758526603,0.0282401091405184,0.00613915416098227,0.733287858117326
"CbMPDiCbraya","N0.N.2","N0.RT.5",0.00177208287895311,0.0444383860414395,0.00572519083969466,0,0.948064340239913
"CbMPDiCbraya","N0.N.2","N0.Z.1",0.0312329514457174,0.639251548541322,0.0283687943262411,0,0.30114670568672
"CbMPDiCbraya","N0.N.2","N0.Z.2",0.0130861504907306,0.019629225736096,0.0140419123694854,0,0.953242711403688
"CbMPDiCbraya","N0.N.2","N0.Z.3",0.0552080500407941,0.0220288278487898,0.0169975523524612,0,0.905765569757955
"CbMPDiCbraya","N0.N.2","N0.Z.4",0.0365620736698499,0.0492496589358799,0.0148711779769812,0,0.899317089417289
"CbMPDiCbraya","N0.N.2","N0.Z.5",0.00450327510917031,0.650654500129979,0,0,0.344842224760851
"CbMPDiCbraya","N0.N.2","N2.N.1",0,0.998361923710765,0.00150161340713906,0,0.00013646288209607
"CbMPDiCbraya","N0.N.2","N2.N.2",0,0.996313489896232,0,0,0.00368651010376843
"CbMPDiCbraya","N0.N.2","N2.N.3",0,0.996859042819415,0,0,0.00314095718058488
"CbMPDiCbraya","N0.N.2","N2.N.4",0,0.997542326597488,0,0,0.00245767340251229
"CbMPDiCbraya","N0.N.2","N2.N.5",0,0.998088997946573,0,0,0.00191100205342727
"CbMPDiCbraya","N0.N.2","N2.O.1",0.0987738419618529,0.0573569482288828,0.519480205423697,0.000136239782016349,0.32425276460355
"CbMPDiCbraya","N0.N.2","N2.O.2",0.0193460490463215,0.107901907356948,0.554357589619883,0.000408719346049046,0.317985734630798
"CbMPDiCbraya","N0.N.2","N2.O.3",0.0901639344262295,0.0346994535519126,0.514618008613049,0,0.360518603408809
"CbMPDiCbraya","N0.N.2","N2.O.4",0.0158081221041156,0.0808122104115563,0.512808206505001,0,0.390571460979327
"CbMPDiCbraya","N0.N.2","N2.O.5",0.0268100163309744,0.061377245508982,0.530889638230118,0,0.380923099929925
"CbMPDiCbraya","N0.N.2","N2.RH.1",0.0502717391304348,0.0251358695652174,0.641440217391304,0.00964673913043478,0.273505434782609
"CbMPDiCbraya","N0.N.2","N2.RH.2",0.0126358695652174,0.0658967391304348,0.0176677184004939,0.0101902173913043,0.89360945551255
"CbMPDiCbraya","N0.N.2","N2.RH.3",0.0485978763953172,0.0337598693166349,0.656547781105363,0.00830383882384971,0.252790634358835
"CbMPDiCbraya","N0.N.2","N2.RH.4",0.0410865410865411,0.0548730548730549,0.637319137319137,0.00627900627900628,0.26044226044226
"CbMPDiCbraya","N0.N.2","N2.RH.5",0.0559192580469176,0.066012002182215,0.6057010365521,0.012684124386252,0.259683578832515
"CbMPDiCbraya","N0.N.2","N2.RT.1",0.0451322607035724,0.749930521186421,0.0432246465256051,0,0.161712571584401
"CbMPDiCbraya","N0.N.2","N2.RT.2",0.0104961832061069,0.0561613958560523,0.669847328244275,0.00163576881134133,0.261859323882225
"CbMPDiCbraya","N0.N.2","N2.RT.3",0.0216916780354707,0.62100876745276,0.0616651752484683,0.00136425648021828,0.294270122783083
"CbMPDiCbraya","N0.N.2","N2.RT.4",0.0145935624659029,0.801690173745904,0.0143207855973813,0.00545553737043099,0.163939940820381
"CbMPDiCbraya","N0.N.2","N2.RT.5",0.0394700901393062,0.0775744332149686,0.666621141764545,0.00341436765910953,0.21291996722207
"CbMPDiCbraya","N0.N.2","N2.Z.1",0.0197763229678123,0,0.560692853246045,0,0.419530823786143
"CbMPDiCbraya","N0.N.2","N2.Z.2",0,0.0524666121559008,0.556827473426002,0,0.390705914418098
"CbMPDiCbraya","N0.N.2","N2.Z.3",0.0188010899182561,0.0397820163487738,0.540188652290183,0,0.401228241442787
"CbMPDiCbraya","N0.N.2","N2.Z.4",0,0.0214305214305214,0.54395278302979,0,0.434616695539688
"CbMPDiCbraya","N0.N.2","N2.Z.5",0.0370923913043478,0.0300271739130435,0.545104020729941,0,0.387776414052668
"CbMPDiCbraya","N0.N.2","N4.N.1",0,0.998634737711745,0.00109226201525492,0,0.000273000273000273
"CbMPDiCbraya","N0.N.2","N4.N.2",0,0.998498237575245,0,0,0.00150176242475532
"CbMPDiCbraya","N0.N.2","N4.N.3",0,0.998634849474957,0,0,0.00136515052504299
"CbMPDiCbraya","N0.N.2","N4.N.4",0.00109215031301555,0.998635072818463,0,0,0.000272776868521549
"CbMPDiCbraya","N0.N.2","N4.N.5",0,0.998224789883059,0,0,0.00177521011694107
"CbMPDiCbraya","N0.N.2","N4.O.1",0.0241210139002453,0.0239847369855546,0.512944483419692,0,0.438949765694508
"CbMPDiCbraya","N0.N.2","N4.O.2",0.044341675734494,0.0187704026115343,0.505573073812214,0.000136017410228509,0.43117883043153
"CbMPDiCbraya","N0.N.2","N4.O.3",0.0137527233115468,0.0068082788671024,0.50203988082277,0,0.477399116998581
"CbMPDiCbraya","N0.N.2","N4.O.4",0.0323545405111474,0.505705467050011,0.00163132137030995,0,0.460308671068532
"CbMPDiCbraya","N0.N.2","N4.O.5",0,0.00163710777626194,0.501090622841573,0,0.497272269382165
"CbMPDiCbraya","N0.N.2","N4.RH.1",0.0730811105062602,0.0470876428960261,0.60506260206859,0.0142896026129559,0.260479041916168
"CbMPDiCbraya","N0.N.2","N4.RH.2",0.131435576137292,0.0347316807409425,0.630345954780714,0.0186597657314083,0.184827022609643
"CbMPDiCbraya","N0.N.2","N4.RH.3",0.0130968622100955,0.0963165075034107,0.609276944065484,0.00545702592087313,0.275852660300136
"CbMPDiCbraya","N0.N.2","N4.RH.4",0.0349344978165939,0.00109170305676856,0.0135103470315932,0.00177401746724891,0.948689434627795
"CbMPDiCbraya","N0.N.2","N4.RH.5",0.0319410319410319,0.0697515697515698,0.595686595686596,0,0.302620802620803
"CbMPDiCbraya","N0.N.2","N4.RT.1",0.0154076902099809,0.034633215162258,0.0481319880010908,0.00381783474229616,0.898009271884374
"CbMPDiCbraya","N0.N.2","N4.RT.2",0.0310965630114566,0.00436442989634479,0.0675133177980128,0.00804691762138571,0.8889787716728
"CbMPDiCbraya","N0.N.2","N4.RT.3",0.0550258785072187,0.0183873603922637,0.690956142740398,0.00667393080904386,0.228956687551076
"CbMPDiCbraya","N0.N.2","N4.RT.4",0.0121385706492089,0.0561920349154392,0.0770605081962671,0.00818330605564648,0.846425580183438
"CbMPDiCbraya","N0.N.2","N4.RT.5",0.000681570338058888,0.767037695046,0.0279443838604144,0.00436205016357688,0.19997430059195
"CbMPDiCbraya","N0.N.2","N4.Z.1",0.00776566757493188,0.0309264305177112,0.535692739483643,0,0.425615162423714
"CbMPDiCbraya","N0.N.2","N4.Z.2",0.0088411316648531,0.0281556039173014,0.536857078164771,0,0.426146186253075
"CbMPDiCbraya","N0.N.2","N4.Z.3",0.00857843137254902,0.00939542483660131,0.0058577226630685,0,0.976168421127781
"CbMPDiCbraya","N0.N.2","N4.Z.4",0.0257774140752864,0.00872885979268958,0.53859688405687,0,0.426896842075154
"CbMPDiCbraya","N0.N.2","N4.Z.5",0.00217509516041327,0.00802066340402393,0.539015769439913,0,0.45078847199565
"CbMPDiCbraya","N0.N.2","N6.N.1",0,0.998361551064992,0,0,0.00163844893500819
"CbMPDiCbraya","N0.N.2","N6.N.2",0,0.998225684233114,0,0,0.00177431576688575
"CbMPDiCbraya","N0.N.2","N6.N.3",0,0.996859639541234,0,0,0.0031403604587657
"CbMPDiCbraya","N0.N.2","N6.N.4",0,0.995214916458226,0,0,0.00478508354177447
"CbMPDiCbraya","N0.N.2","N6.N.5",0,0.991659117771136,0,0,0.00834088222886419
"CbMPDiCbraya","N0.N.2","N6.O.1",0.0100680272108844,0.0356462585034014,0.519724510230089,0,0.434561204055626
"CbMPDiCbraya","N0.N.2","N6.O.2",0.0290586630286494,0.00995907230559345,0.501909176729704,0,0.459073087936054
"CbMPDiCbraya","N0.N.2","N6.O.3",0.00668121079901827,0,0.00436323970548132,0,0.9889555494955
"CbMPDiCbraya","N0.N.2","N6.O.4",0.0137789904502046,0,0.515961018475952,0,0.470259991073843
"CbMPDiCbraya","N0.N.2","N6.O.5",0.0636388360076149,0.00448735382104977,0.527192184816921,0,0.404681625354414
"CbMPDiCbraya","N0.N.2","N6.RH.1",0.119879847078099,0.0243036592026215,0.614281813216821,0.014609503003823,0.226925177498635
"CbMPDiCbraya","N0.N.2","N6.RH.2",0.000817884405670665,0.0486641221374046,0.015541367113215,0.0189476553980371,0.916028970945673
"CbMPDiCbraya","N0.N.2","N6.RH.3",0.00927694406548431,0.023055934515689,0.0465219283180454,0.0219645293315143,0.899180663769267
"CbMPDiCbraya","N0.N.2","N6.RH.4",0.0700870985302123,0.0308927599346761,0.619896570495373,0.000544365813826892,0.278579205225912
"CbMPDiCbraya","N0.N.2","N6.RH.5",0.00491937687892867,0.0717409128177098,0.00655838554642354,0,0.916781324756938
"CbMPDiCbraya","N0.N.2","N6.RT.1",0.0652588555858311,0.0299727520435967,0.626158038147139,0.005858310626703,0.27275204359673
"CbMPDiCbraya","N0.N.2","N6.RT.2",0.0114628820960699,0.00968886462882096,0.0571784693023356,0.00286572052401747,0.918804063448756
"CbMPDiCbraya","N0.N.2","N6.RT.3",0.00995907230559345,0.0312414733969986,0.639016952991641,0.00886766712141883,0.310914834184348
"CbMPDiCbraya","N0.N.2","N6.RT.4",0,0.0252112292177705,0.742164077405288,0.00831289179612974,0.224311801580812
"CbMPDiCbraya","N0.N.2","N6.RT.5",0,0.814804959235695,0.0125648729855231,0.0036875170718383,0.168942650706944
"CbMPDiCbraya","N0.N.2","N6.Z.1",0,0.0296205296205296,0.0282555282555283,0,0.942123942123942
"CbMPDiCbraya","N0.N.2","N6.Z.2",0,0.0188164712298882,0.0477229342787019,0,0.93346059449141
"CbMPDiCbraya","N0.N.2","N6.Z.3",0.00751160885004097,0.556678764207014,0.00846763179459164,0,0.427341995148353
"CbMPDiCbraya","N0.N.2","N6.Z.4",0,0.560249254478933,0.0159503093160503,0,0.423800436205016
"CbMPDiCbraya","N0.N.2","N6.Z.5",0.0182760501909438,0,0.0291871249318058,0,0.95253682487725
"CbMPDiCbraya","N0.N.3","N0.N.4",0,0.99931753653121,0,0,0.000682463468789575
"CbMPDiCbraya","N0.N.3","N0.N.5",0,0.999044238121245,0,0,0.000955761878754779
"CbMPDiCbraya","N0.N.3","N0.O.1",0.0834699453551913,0.137431693989071,0.576776105505368,0.00724043715846995,0.1950818179919
"CbMPDiCbraya","N0.N.3","N0.O.2",0.0322448979591837,0.0844897959183673,0.589522843544846,0.00217687074829932,0.291565591829304
"CbMPDiCbraya","N0.N.3","N0.O.3",0.0207542051003798,0.248372219207813,0.534317267011465,0.000271296798697775,0.196285011881644
"CbMPDiCbraya","N0.N.3","N0.O.4",0.0226281352235551,0.151581243184297,0.548527361382515,0.000681570338058888,0.276581689871574
"CbMPDiCbraya","N0.N.3","N0.O.5",0.0773744541484716,0.0408024017467249,0.564410331291036,0,0.317412812813768
"CbMPDiCbraya","N0.N.3","N0.RH.1",0.000817884405670665,0.21782988004362,0.628816347205852,0,0.152535888344857
"CbMPDiCbraya","N0.N.3","N0.RH.2",0.0209016393442623,0.860929110969848,0,0,0.118169249685889
"CbMPDiCbraya","N0.N.3","N0.RH.3",0.0574195308237861,0.879705103028017,0,0.0010911074740862,0.0617842586741107
"CbMPDiCbraya","N0.N.3","N0.RH.4",0.0088411316648531,0.111262241566921,0.650298198300458,0,0.229598428467768
"CbMPDiCbraya","N0.N.3","N0.RH.5",0.0615468409586057,0.722902306441115,0.00217864923747277,0,0.213372203362806
"CbMPDiCbraya","N0.N.3","N0.RT.1",0.046806768558952,0.0529475982532751,0.698007492863088,0.0013646288209607,0.200873511503724
"CbMPDiCbraya","N0.N.3","N0.RT.2",0,0.933789852674079,0.0050610365188078,0.00287277701778386,0.0582763337893297
"CbMPDiCbraya","N0.N.3","N0.RT.3",0.0178620125443142,0.78865520442484,0.0260430869920916,0.00190891737114808,0.165530778667606
"CbMPDiCbraya","N0.N.3","N0.RT.4",0.105457025920873,0.1268758526603,0.608594592298918,0.00422919508867667,0.154843334031233
"CbMPDiCbraya","N0.N.3","N0.RT.5",0.00177208287895311,0.0444383860414395,0.00572519083969466,0,0.948064340239913
"CbMPDiCbraya","N0.N.3","N0.Z.1",0.0312329514457174,0.639934235597575,0.0372340425531915,0,0.291598770403516
"CbMPDiCbraya","N0.N.3","N0.Z.2",0.0130861504907306,0.019629225736096,0.619410676540639,0,0.347873947232534
"CbMPDiCbraya","N0.N.3","N0.Z.3",0.0552080500407941,0.0220288278487898,0.645089992895747,0,0.277673129214669
"CbMPDiCbraya","N0.N.3","N0.Z.4",0.0365620736698499,0.0492496589358799,0.018281036834925,0,0.895907230559345
"CbMPDiCbraya","N0.N.3","N0.Z.5",0.00450327510917031,0.651337187186232,0,0,0.344159537704597
"CbMPDiCbraya","N0.N.3","N2.N.1",0,0.999044610767018,0,0,0.000955389232981715
"CbMPDiCbraya","N0.N.3","N2.N.2",0,0.996996176952485,0,0,0.00300382304751502
"CbMPDiCbraya","N0.N.3","N2.N.3",0,0.997541729875669,0,0,0.00245827012433147
"CbMPDiCbraya","N0.N.3","N2.N.4",0,0.998225013653741,0,0,0.00177498634625887
"CbMPDiCbraya","N0.N.3","N2.N.5",0,0.998771685002826,0,0,0.00122831499717385
"CbMPDiCbraya","N0.N.3","N2.O.1",0.0987738419618529,0.0573569482288828,0.543868614550796,0.000136239782016349,0.299864355476452
"CbMPDiCbraya","N0.N.3","N2.O.2",0.0193460490463215,0.107901907356948,0.530517115913193,0,0.342234927683537
"CbMPDiCbraya","N0.N.3","N2.O.3",0.0901639344262295,0.0346994535519126,0.514890859603728,0,0.36024575241813
"CbMPDiCbraya","N0.N.3","N2.O.4",0.0158081221041156,0.0808122104115563,0.514172278134708,0,0.38920738934962
"CbMPDiCbraya","N0.N.3","N2.O.5",0.0268100163309744,0.061377245508982,0.547358933887352,0,0.364453804272692
"CbMPDiCbraya","N0.N.3","N2.RH.1",0.0502717391304348,0.0251358695652174,0.548504099090542,0.00964673913043478,0.366441553083371
"CbMPDiCbraya","N0.N.3","N2.RH.2",0.0126358695652174,0.0658967391304348,0.649726925177499,0.0101902173913043,0.261550248735545
"CbMPDiCbraya","N0.N.3","N2.RH.3",0.0485978763953172,0.0337598693166349,0.601823304159257,0.00830383882384971,0.307515111304941
"CbMPDiCbraya","N0.N.3","N2.RH.4",0.0410865410865411,0.0548730548730549,0.591728017178591,0.00627900627900628,0.306033380582807
"CbMPDiCbraya","N0.N.3","N2.RH.5",0.0559192580469176,0.066012002182215,0.568330307610668,0.012684124386252,0.297054307773947
"CbMPDiCbraya","N0.N.3","N2.RT.1",0.0458143892484626,0.750613208242675,0.0319061903463322,0,0.171666212162531
"CbMPDiCbraya","N0.N.3","N2.RT.2",0.0114508283666671,0.0561613958560523,0.708014820488295,0.00163576881134133,0.222737186477645
"CbMPDiCbraya","N0.N.3","N2.RT.3",0.0234654349862121,0.621691454509013,0.0676671214188267,0.00136425648021828,0.28581173260573
"CbMPDiCbraya","N0.N.3","N2.RT.4",0.0145935624659029,0.802372860802158,0.0100927441352973,0.00463720676486634,0.168303625831776
"CbMPDiCbraya","N0.N.3","N2.RT.5",0.0394700901393062,0.0775744332149686,0.670991532368205,0.00341436765910953,0.20854957661841
"CbMPDiCbraya","N0.N.3","N2.Z.1",0.0197763229678123,0,0.597108267239692,0,0.383115409792496
"CbMPDiCbraya","N0.N.3","N2.Z.2",0,0.0524666121559008,0.582719566224105,0,0.364813821619994
"CbMPDiCbraya","N0.N.3","N2.Z.3",0.0188010899182561,0.0397820163487738,0.577792320272867,0,0.363624573460104
"CbMPDiCbraya","N0.N.3","N2.Z.4",0,0.0214305214305214,0.584357009807583,0,0.394212468761895
"CbMPDiCbraya","N0.N.3","N2.Z.5",0.0370923913043478,0.0300271739130435,0.58301496865576,0,0.349865466126849
"CbMPDiCbraya","N0.N.3","N4.N.1",0,0.999317424767998,0.000409574959001502,0,0.000273000273000273
"CbMPDiCbraya","N0.N.3","N4.N.2",0,0.999180924631498,0,0,0.000819075368501911
"CbMPDiCbraya","N0.N.3","N4.N.3",0,0.99931753653121,0,0,0.000682463468789575
"CbMPDiCbraya","N0.N.3","N4.N.4",0,0.999317759874716,0.00040946325676214,0,0.000272776868521549
"CbMPDiCbraya","N0.N.3","N4.N.5",0,0.998907476939312,0,0,0.00109252306068765
"CbMPDiCbraya","N0.N.3","N4.O.1",0.0241210139002453,0.0239847369855546,0.51880569323419,0,0.43308855588001
"CbMPDiCbraya","N0.N.3","N4.O.2",0.044341675734494,0.0187704026115343,0.508160004611666,0.000136017410228509,0.428591899632077
"CbMPDiCbraya","N0.N.3","N4.O.3",0.0137527233115468,0.0068082788671024,0.506671369621943,0,0.472767628199408
"CbMPDiCbraya","N0.N.3","N4.O.4",0.0323545405111474,0.506388154106264,0.0078847199564981,0,0.45337258542609
"CbMPDiCbraya","N0.N.3","N4.O.5",0,0.00163710777626194,0.501773309897826,0,0.496589582325912
"CbMPDiCbraya","N0.N.3","N4.RH.1",0.0730811105062602,0.0470876428960261,0.558519324986391,0.0142896026129559,0.307022318998367
"CbMPDiCbraya","N0.N.3","N4.RH.2",0.131435576137292,0.0347316807409425,0.595613604556414,0.0186597657314083,0.219559372833942
"CbMPDiCbraya","N0.N.3","N4.RH.3",0.0130968622100955,0.0963165075034107,0.550477266241619,0.0229195088676671,0.317189855177208
"CbMPDiCbraya","N0.N.3","N4.RH.4",0.0349344978165939,0.00109170305676856,0.660480200286669,0.00177401746724891,0.30171958137272
"CbMPDiCbraya","N0.N.3","N4.RH.5",0.0319410319410319,0.0697515697515698,0.546546471997045,0,0.351760926310353
"CbMPDiCbraya","N0.N.3","N4.RT.1",0.0154076902099809,0.034633215162258,0.744750104888434,0.00449959094627761,0.200709398793049
"CbMPDiCbraya","N0.N.3","N4.RT.2",0.0310965630114566,0.00436442989634479,0.737861131396811,0.00804691762138571,0.218630958074002
"CbMPDiCbraya","N0.N.3","N4.RT.3",0.0550258785072187,0.0183873603922637,0.685098758465431,0.00667393080904386,0.234814071826043
"CbMPDiCbraya","N0.N.3","N4.RT.4",0.0121385706492089,0.0561920349154392,0.728723106301339,0.00818330605564648,0.194762982078366
"CbMPDiCbraya","N0.N.3","N4.RT.5",0.000681570338058888,0.767720382102253,0.0455288985823337,0.00436205016357688,0.181707098813777
"CbMPDiCbraya","N0.N.3","N4.Z.1",0.00776566757493188,0.0309264305177112,0.569617933351886,0,0.391689968555471
"CbMPDiCbraya","N0.N.3","N4.Z.2",0.0088411316648531,0.0281556039173014,0.570319961086095,0,0.392683303331751
"CbMPDiCbraya","N0.N.3","N4.Z.3",0.00857843137254902,0.00939542483660131,0.572847840210178,0,0.409178303580671
"CbMPDiCbraya","N0.N.3","N4.Z.4",0.0257774140752864,0.00872885979268958,0.562738381805977,0,0.402755344326047
"CbMPDiCbraya","N0.N.3","N4.Z.5",0.00217509516041327,0.00802066340402393,0.566747044807733,0,0.42305719662783
"CbMPDiCbraya","N0.N.3","N6.N.1",0,0.999044238121245,0,0,0.000955761878754779
"CbMPDiCbraya","N0.N.3","N6.N.2",0.000955203062610506,0.998908371289368,0,0,0.000136425648021828
"CbMPDiCbraya","N0.N.3","N6.N.3",0,0.997542326597488,0,0,0.00245767340251229
"CbMPDiCbraya","N0.N.3","N6.N.4",0,0.995897603514479,0,0,0.00410239648552106
"CbMPDiCbraya","N0.N.3","N6.N.5",0,0.992341804827389,0,0,0.00765819517261078
"CbMPDiCbraya","N0.N.3","N6.O.1",0.0100680272108844,0.0356462585034014,0.520407197286342,0,0.433878516999372
"CbMPDiCbraya","N0.N.3","N6.O.2",0.0290586630286494,0.00995907230559345,0.502591863785957,0,0.4583904008798
"CbMPDiCbraya","N0.N.3","N6.O.3",0.00668121079901827,0,0.506544487217313,0,0.486774301983669
"CbMPDiCbraya","N0.N.3","N6.O.4",0.0137789904502046,0,0.516643705532205,0,0.46957730401759
"CbMPDiCbraya","N0.N.3","N6.O.5",0.0636388360076149,0.00448735382104977,0.545280365482095,0,0.386593444689241
"CbMPDiCbraya","N0.N.3","N6.RH.1",0.119879847078099,0.0243036592026215,0.55598033861278,0.0170671764063353,0.282768978700164
"CbMPDiCbraya","N0.N.3","N6.RH.2",0.000817884405670665,0.0486641221374046,0.0140403489640131,0.0189476553980371,0.917529989094875
"CbMPDiCbraya","N0.N.3","N6.RH.3",0.00927694406548431,0.023055934515689,0.718963165075034,0.0219645293315143,0.226739427012278
"CbMPDiCbraya","N0.N.3","N6.RH.4",0.0700870985302123,0.0308927599346761,0.576347305389222,0.000544365813826892,0.322128470332063
"CbMPDiCbraya","N0.N.3","N6.RH.5",0.00491937687892867,0.0717409128177098,0.578846679420607,0,0.344493030882755
"CbMPDiCbraya","N0.N.3","N6.RT.1",0.0662131293184142,0.0299727520435967,0.661443546430905,0.005858310626703,0.236512261580381
"CbMPDiCbraya","N0.N.3","N6.RT.2",0.0122818084469555,0.00968886462882096,0.698143955745184,0.00245633187772926,0.27742903930131
"CbMPDiCbraya","N0.N.3","N6.RT.3",0.00995907230559345,0.0312414733969986,0.650613691889641,0.00886766712141883,0.299318095286349
"CbMPDiCbraya","N0.N.3","N6.RT.4",0.00149956705471723,0.0252112292177705,0.75933444766319,0.00831289179612974,0.205641864268193
"CbMPDiCbraya","N0.N.3","N6.RT.5",0,0.815487646291948,0.027588090685605,0.0036875170718383,0.153236745950608
"CbMPDiCbraya","N0.N.3","N6.Z.1",0,0.0296205296205296,0.579716005166579,0,0.390663465212892
"CbMPDiCbraya","N0.N.3","N6.Z.2",0,0.0188164712298882,0.597218062346847,0,0.383965466423265
"CbMPDiCbraya","N0.N.3","N6.Z.3",0.00751160885004097,0.557361451263268,0.0192570335973778,0,0.415869906289314
"CbMPDiCbraya","N0.N.3","N6.Z.4",0,0.560931941535187,0.0229007633587786,0,0.416167295106035
"CbMPDiCbraya","N0.N.3","N6.Z.5",0.0182760501909438,0,0.57037613412458,0,0.411347815684476
"CbMPDiCbraya","N0.N.4","N0.N.5",0,0.998907924297458,0,0,0.00109207570254162
"CbMPDiCbraya","N0.N.4","N0.O.1",0.0834699453551913,0.137568156871167,0.591940338129668,0.00724043715846995,0.179781122485504
"CbMPDiCbraya","N0.N.4","N0.O.2",0.0322448979591837,0.0925174152630484,0.616325305231263,0.00217687074829932,0.256735510798206
"CbMPDiCbraya","N0.N.4","N0.O.3",0.0207542051003798,0.250950353278189,0.534180953187678,0.000135648399348888,0.193978840034404
"CbMPDiCbraya","N0.N.4","N0.O.4",0.0226281352235551,0.156761326568028,0.563249280928412,0.000681570338058888,0.256679686941946
"CbMPDiCbraya","N0.N.4","N0.O.5",0.0773744541484716,0.040938864628821,0.568504366812227,0,0.31318231441048
"CbMPDiCbraya","N0.N.4","N0.RH.1",0.000817884405670665,0.217966342925717,0.618592792378794,0,0.162622980289819
"CbMPDiCbraya","N0.N.4","N0.RH.2",0.0209016393442623,0.860929260028158,0,0.00109289617486339,0.117076204452717
"CbMPDiCbraya","N0.N.4","N0.RH.3",0.0144571740316421,0.92266760887847,0,0.0010911074740862,0.0617841096158015
"CbMPDiCbraya","N0.N.4","N0.RH.4",0.0088411316648531,0.111398704449017,0.66036319024381,0,0.219396973642321
"CbMPDiCbraya","N0.N.4","N0.RH.5",0.00721677559912854,0.777232520858902,0.0249183006535948,0,0.190632402888375
"CbMPDiCbraya","N0.N.4","N0.RT.1",0.0255185589519651,0.0743722707423581,0.729394104803493,0.0013646288209607,0.169350436681223
"CbMPDiCbraya","N0.N.4","N0.RT.2",0,0.940219550295999,0.00752393980848153,0.00287277701778386,0.0493837328777352
"CbMPDiCbraya","N0.N.4","N0.RT.3",0.0178620125443142,0.788655353483149,0.0602672484319607,0.00190891737114808,0.131306468169428
"CbMPDiCbraya","N0.N.4","N0.RT.4",0.105457025920873,0.127012315542396,0.616370966060397,0.00559345156889495,0.145566240907439
"CbMPDiCbraya","N0.N.4","N0.RT.5",0.00177208287895311,0.0445748489235355,0.0133587786259542,0,0.940294289571557
"CbMPDiCbraya","N0.N.4","N0.Z.1",0.0312329514457174,0.648799632882835,0.0342334969994544,0,0.285733918671994
"CbMPDiCbraya","N0.N.4","N0.Z.2",0.0130861504907306,0.0314886984328049,0.61368548594477,0,0.341739665131695
"CbMPDiCbraya","N0.N.4","N0.Z.3",0.0552080500407941,0.0339955871681989,0.642642011952026,0,0.268154350838981
"CbMPDiCbraya","N0.N.4","N0.Z.4",0.0365620736698499,0.058117363291373,0.0162346521145975,0,0.889085910924179
"CbMPDiCbraya","N0.N.4","N0.Z.5",0.00450327510917031,0.662800218340611,0.00463973799126638,0,0.328056768558952
"CbMPDiCbraya","N0.N.4","N2.N.1",0,0.999181222707424,0,0,0.000818777292576419
"CbMPDiCbraya","N0.N.4","N2.N.2",0,0.996859863128698,0,0,0.00314013687130186
"CbMPDiCbraya","N0.N.4","N2.N.3",0,0.997405416051882,0,0,0.00259458394811831
"CbMPDiCbraya","N0.N.4","N2.N.4",0,0.998361700123301,0,0,0.00163829987669897
"CbMPDiCbraya","N0.N.4","N2.N.5",0,0.998635371179039,0,0,0.0013646288209607
"CbMPDiCbraya","N0.N.4","N2.O.1",0.0987738419618529,0.0643054002117963,0.516620584105755,0.000817438692098093,0.319482735028497
"CbMPDiCbraya","N0.N.4","N2.O.2",0.0113079019073569,0.116076517378009,0.531879439691586,0.000408719346049046,0.340327421676999
"CbMPDiCbraya","N0.N.4","N2.O.3",0.0901639344262295,0.0416665175269048,0.531011376381034,0,0.337158171665832
"CbMPDiCbraya","N0.N.4","N2.O.4",0.0158081221041156,0.0887164574310195,0.521531194618907,0,0.373944225845958
"CbMPDiCbraya","N0.N.4","N2.O.5",0.0268100163309744,0.0687265554242844,0.527353267858883,0,0.377110160385858
"CbMPDiCbraya","N0.N.4","N2.RH.1",0.0209239130434783,0.05462015853427,0.668612350484147,0.00964673913043478,0.24619683880767
"CbMPDiCbraya","N0.N.4","N2.RH.2",0.0126358695652174,0.0660332020125309,0.658965611353712,0.0101902173913043,0.252175099677236
"CbMPDiCbraya","N0.N.4","N2.RH.3",0.00680642526545058,0.0756877833285976,0.683227965015569,0.00830383882384971,0.225973987566534
"CbMPDiCbraya","N0.N.4","N2.RH.4",0.0410865410865411,0.0550095177551509,0.680862792625893,0.00627900627900628,0.216762142253409
"CbMPDiCbraya","N0.N.4","N2.RH.5",0.0559192580469176,0.066148465064311,0.623158532793974,0.012684124386252,0.242089619708546
"CbMPDiCbraya","N0.N.4","N2.RT.1",0.0314971366239433,0.764248481380613,0.0358603763294246,0,0.168394005666019
"CbMPDiCbraya","N0.N.4","N2.RT.2",0.0104961832061069,0.0562978587381484,0.723009368169415,0.00054525627044711,0.209651333615882
"CbMPDiCbraya","N0.N.4","N2.RT.3",0.0216916780354707,0.621691603567322,0.113778990450205,0.00136425648021828,0.241473471466784
"CbMPDiCbraya","N0.N.4","N2.RT.4",0.00695581014729951,0.81001076217907,0.0214129841789416,0.00463720676486634,0.156983236729822
"CbMPDiCbraya","N0.N.4","N2.RT.5",0.0394700901393062,0.0777108960970646,0.744195686803782,0.00341436765910953,0.135208959300738
"CbMPDiCbraya","N0.N.4","N2.Z.1",0.0197763229678123,0.00872893424052488,0.637479318391355,0,0.334015424400308
"CbMPDiCbraya","N0.N.4","N2.Z.2",0,0.0591443669431481,0.606704266300564,0,0.334151366756288
"CbMPDiCbraya","N0.N.4","N2.Z.3",0.0188010899182561,0.049319024189998,0.589236387920469,0,0.342643497971277
"CbMPDiCbraya","N0.N.4","N2.Z.4",0,0.0277094904551236,0.598553210316311,0,0.373737299228566
"CbMPDiCbraya","N0.N.4","N2.Z.5",0.0370923913043478,0.0373647237516613,0.618204741788494,0,0.307338143155497
"CbMPDiCbraya","N0.N.4","N4.N.1",0,0.999590536844904,0.000136500136500137,0,0.000272963018596206
"CbMPDiCbraya","N0.N.4","N4.N.2",0,0.999317573826307,0,0,0.000682426173692549
"CbMPDiCbraya","N0.N.4","N4.N.3",0,0.999454148471616,0,0,0.000545851528384279
"CbMPDiCbraya","N0.N.4","N4.N.4",0,0.99918144605093,0,0,0.000818553949070534
"CbMPDiCbraya","N0.N.4","N4.N.5",0,0.999044200703986,0,0,0.000955799296014046
"CbMPDiCbraya","N0.N.4","N4.O.1",0.0166257835922595,0.0316164301756365,0.511310426017108,0.000136276914690651,0.440311083300305
"CbMPDiCbraya","N0.N.4","N4.O.2",0.044341675734494,0.0187704026115343,0.50611944704468,0.000136017410228509,0.430632457199063
"CbMPDiCbraya","N0.N.4","N4.O.3",0.0137527233115468,0.0068082788671024,0.505990393488788,0,0.473448604332563
"CbMPDiCbraya","N0.N.4","N4.O.4",0.0323545405111474,0.509515002457668,0.0149537792278412,0,0.443176677803344
"CbMPDiCbraya","N0.N.4","N4.O.5",0,0.00341067843461994,0.501636996074039,0,0.494952325491341
"CbMPDiCbraya","N0.N.4","N4.RH.1",0.0153783342406097,0.104926882043773,0.637042979345002,0.0142896026129559,0.22836220175766
"CbMPDiCbraya","N0.N.4","N4.RH.2",0.0445382729501498,0.121765446810181,0.644918859787381,0.0186597657314083,0.17011765472088
"CbMPDiCbraya","N0.N.4","N4.RH.3",0.0130968622100955,0.0964529703855067,0.655797978338705,0.00545702592087312,0.22919516314482
"CbMPDiCbraya","N0.N.4","N4.RH.4",0,0.0361626637554585,0.684907205240175,0.00177401746724891,0.277156113537118
"CbMPDiCbraya","N0.N.4","N4.RH.5",0.0319410319410319,0.0698880326336658,0.619028230791331,0,0.279142704633971
"CbMPDiCbraya","N0.N.4","N4.RT.1",0.0154076902099809,0.034769678044354,0.771065931779128,0.00381783474229616,0.174938865224241
"CbMPDiCbraya","N0.N.4","N4.RT.2",0.0113202400436443,0.0242772157462532,0.771685537703957,0.00804691762138571,0.18467008888476
"CbMPDiCbraya","N0.N.4","N4.RT.3",0.0369109234540997,0.0366387783274788,0.733995405687681,0.00667393080904386,0.185780961721697
"CbMPDiCbraya","N0.N.4","N4.RT.4",0.0121385706492089,0.0563284977975352,0.772776645178043,0.00818330605564648,0.150572980319566
"CbMPDiCbraya","N0.N.4","N4.RT.5",0.000681570338058888,0.767720531160562,0.0699291166848419,0.00436205016357688,0.15730673165296
"CbMPDiCbraya","N0.N.4","N4.Z.1",0.00776566757493188,0.0309264305177112,0.577383526885047,0,0.38392437502231
"CbMPDiCbraya","N0.N.4","N4.Z.2",0.0088411316648531,0.0282920667993975,0.598747303410295,0,0.364119498125454
"CbMPDiCbraya","N0.N.4","N4.Z.3",0.00857843137254902,0.0164763321631418,0.600216973009485,0,0.374728263454824
"CbMPDiCbraya","N0.N.4","N4.Z.4",0.0257774140752864,0.0175941824674752,0.57501341549992,0,0.381614987957318
"CbMPDiCbraya","N0.N.4","N4.Z.5",0.00217509516041327,0.0131870338445757,0.591352438433647,0,0.393285432561365
"CbMPDiCbraya","N0.N.4","N6.N.1",0,0.999180924590805,0,0,0.00081907540919487
"CbMPDiCbraya","N0.N.4","N6.N.2",0,0.998772057465581,0,0,0.00122794253441918
"CbMPDiCbraya","N0.N.4","N6.N.3",0,0.997679013067048,0,0,0.00232098693295238
