"Method","GroupBasedOn","Group","HeS","HoS","DL","HD","DR"
"CbMPDiCbraya","Niche","Nodule","8.98412500329744e-05","0.99728349116799","4.17008868763058e-05","0","0.00258496669510124"
"CbMPDiCbraya","Niche","Root","0.00856312125253907","0.1931869292018","0.286598218647527","0.0208019528633549","0.490849778034779"
"CbMPDiCbraya","Niche","Rhizosphere","0.00218587920206495","0.203708280202933","0.18775973198353","0.0418677452043278","0.564478363407144"
"CbMPDiCbraya","Niche","Rootzone","0.00542793435566081","0.134488649121752","0.129690880364155","0.0210741239371213","0.709318412221311"
"CbMPDiCbraya","Niche","Original","0.00539717842308016","0.17671808959779","0.30230323760936","0.013702977453714","0.501878516916055"
"CbMPDiCbraya","Niche","Nodule_vs_Root","0.0217111958795062","0.290108933923307","0.338417223703906","0.00440415128090256","0.345358495212378"
"CbMPDiCbraya","Niche","Nodule_vs_Rhizosphere","0.0275590404397771","0.17926140964692","0.439903741888171","0.00825514526476571","0.345020662760366"
"CbMPDiCbraya","Niche","Nodule_vs_Rootzone","0.0150526163414265","0.143430788507409","0.370996923841744","1.02304621046636e-05","0.470509440847315"
"CbMPDiCbraya","Niche","Nodule_vs_Original","0.0341470021984785","0.0831387192664272","0.497546721980189","0.000618417444906351","0.384549139109999"
"CbMPDiCbraya","Niche","Root_vs_Rhizosphere","0.00860460323299547","0.19078009269232","0.301976781165235","0.0141450894034944","0.484493433505955"
"CbMPDiCbraya","Niche","Root_vs_Rootzone","0.0203608362503168","0.147449641956065","0.282650877595958","0.00213955262902803","0.547399091568632"
"CbMPDiCbraya","Niche","Root_vs_Original","0.0291097322296574","0.111257980299794","0.395474018218375","0.00400700255120309","0.460151266700971"
"CbMPDiCbraya","Niche","Rhizosphere_vs_Rootzone","0.00472420551652268","0.165718682775073","0.219417316384606","0.0156591193758814","0.594480675947918"
"CbMPDiCbraya","Niche","Rhizosphere_vs_Original","0.00605927521182137","0.155137463987475","0.340893275851239","0.0139846542155941","0.48392533073387"
"CbMPDiCbraya","Niche","Rootzone_vs_Original","0.00578811512604907","0.135148385828916","0.2895861990992","0.00440047527262761","0.565076824673208"
"CbMPDiCbraya","treatment","N0","0.0214708150663843","0.361888715545729","0.192441742896165","0.00675828218891933","0.417440444302803"
"CbMPDiCbraya","treatment","N2","0.0154852927576514","0.198563947565163","0.32214496681934","0.0120581450750921","0.451747647782754"
"CbMPDiCbraya","treatment","N4","0.00884347866075001","0.126209540449518","0.392500781590518","0.0126530810765288","0.459793118222686"
"CbMPDiCbraya","treatment","N6","0.0108660734052771","0.132752908168103","0.346443419014203","0.0152351995535674","0.494702399858849"
"CbMPDiCbraya","treatment","N0_vs_N2","0.0200818980612891","0.265244967166889","0.247685616402329","0.00463525403128787","0.462352264338205"
"CbMPDiCbraya","treatment","N0_vs_N4","0.016534037623288","0.213282124988798","0.300584875432867","0.00563986297717862","0.463959098977868"
"CbMPDiCbraya","treatment","N0_vs_N6","0.0179820994019866","0.218762568789855","0.288543899461622","0.00715017466428915","0.467561257682248"
"CbMPDiCbraya","treatment","N2_vs_N4","0.0127975293124966","0.163378203402155","0.357867844353057","0.010840618994661","0.45511580393763"
"CbMPDiCbraya","treatment","N2_vs_N6","0.0127166332798498","0.161725642187954","0.340593728107247","0.00911476728321931","0.47584922914173"
"CbMPDiCbraya","treatment","N4_vs_N6","0.0100687660897993","0.127640956665083","0.363765276240889","0.0131041455519069","0.485420855452321"
"CbMPDiCbraya","group","N0.N","0","0.99879856021598","0","0","0.00120143978402047"
"CbMPDiCbraya","group","N0.RT","0.00839079536273224","0.265908904380285","0.196211393664607","0.00813329500349743","0.521355611588878"
"CbMPDiCbraya","group","N0.RH","0.000736327719406618","0.50259115964412","0.0215459562450357","0.0154952136034972","0.459631342787941"
"CbMPDiCbraya","group","N0.Z","0.0106633123359344","0.34768103784501","0.0564749660796599","0.0168986461106895","0.568282037628706"
"CbMPDiCbraya","group","N0.O","0.00937370433182643","0.402528783009974","0.168159932578505","0.0399311187456286","0.380006461334067"
"CbMPDiCbraya","group","N2.N","0","0.996832447386795","0","0","0.00316755261320546"
"CbMPDiCbraya","group","N2.RT","0.00473299323288782","0.256770830252358","0.30378473228651","0.0248645864897165","0.409846857738528"
"CbMPDiCbraya","group","N2.RH","0.000544772191684773","0.188031375716842","0.157464166130778","0.0717052726739797","0.582254413286716"
"CbMPDiCbraya","group","N2.Z","0.000327332412670693","0.100840909796473","0.138484042541318","0.0829130116570254","0.677434703592512"
"CbMPDiCbraya","group","N2.O","0.000694140597122858","0.278527871857465","0.0788657679044666","0.0134652311698265","0.628446988471119"
"CbMPDiCbraya","group","N4.N","6.826872597183e-05","0.999044506287889","2.72888570760911e-05","0","0.000859936129063072"
"CbMPDiCbraya","group","N4.RT","0.0011312436387109","0.141436143303752","0.261804604624806","0.0150643661430967","0.580563642289635"
"CbMPDiCbraya","group","N4.RH","0","0.210581896242307","0.148639019067473","0.0574977089340148","0.583281375756205"
"CbMPDiCbraya","group","N4.Z","0.000653558444585921","0.101220372447948","0.102102703399805","0.0350188572093591","0.761004508498302"
"CbMPDiCbraya","group","N4.O","8.16920936957693e-05","0.0810090389720727","0.13481622728347","0.0273920173673276","0.756701024283434"
"CbMPDiCbraya","group","N6.N","0","0.994709705023644","0","0","0.00529029497635569"
"CbMPDiCbraya","group","N6.RT","0.00598803503264551","0.222206127506363","0.263271854268324","0.0527480908585258","0.455785892334142"
"CbMPDiCbraya","group","N6.RH","0.000450562811833286","0.070559608352238","0.203614354082953","0.0442795997400524","0.681095875012923"
"CbMPDiCbraya","group","N6.Z","0.000819377442582357","0.10279930029565","0.140724472762754","0.0268583576554299","0.728798491843584"
"CbMPDiCbraya","group","N6.O","0.000217947013930268","0.0673722835631684","0.134261876252861","0.0267811840011119","0.771366709168928"
"CbMPDiCbraya","group","N0.N_vs_N0.RT","0.0326494684230784","0.426334102201062","0.198140552246765","0.00237526994596884","0.340500607183126"
"CbMPDiCbraya","group","N0.N_vs_N0.RH","0.0260137085533707","0.562623992444216","0.210130940064746","0.000480135195349386","0.200751223742318"
"CbMPDiCbraya","group","N0.N_vs_N0.Z","0.0281185001512525","0.278436568731464","0.187936836017142","0","0.505508095100141"
"CbMPDiCbraya","group","N0.N_vs_N0.O","0.0472943275573563","0.133194211769973","0.564668825435406","0.00218339266846118","0.252659242568804"
"CbMPDiCbraya","group","N0.N_vs_N2.N","0","0.997837344197195","6.00645362855623e-05","0","0.00210259126651925"
"CbMPDiCbraya","group","N0.N_vs_N2.RT","0.0256168313761627","0.462812029642358","0.278733071007657","0.00211214695711751","0.230725921016705"
"CbMPDiCbraya","group","N0.N_vs_N2.RH","0.0388566857562127","0.0520083706786035","0.517587875697439","0.00958413940854025","0.381962928459205"
"CbMPDiCbraya","group","N0.N_vs_N2.Z","0.0151339608380833","0.0302836733989366","0.491021879527339","0","0.463560486235641"
"CbMPDiCbraya","group","N0.N_vs_N2.O","0.0498588668883402","0.0699233003282057","0.506133228948602","8.71934604904632e-05","0.373997410374362"
"CbMPDiCbraya","group","N0.N_vs_N4.N","6.5526039241135e-05","0.998929713570316","8.19120147007478e-05","0","0.000922848375742266"
"CbMPDiCbraya","group","N0.N_vs_N4.RT","0.0213544034223476","0.177758722822412","0.381848492523097","0.00650568975047896","0.412532691481664"
"CbMPDiCbraya","group","N0.N_vs_N4.RH","0.0497164326314793","0.0570044964569382","0.526678931133292","0.00943308098224077","0.35716705879605"
"CbMPDiCbraya","group","N0.N_vs_N4.Z","0.0106275479696067","0.0179117137692618","0.472674953412665","0","0.498785784848467"
"CbMPDiCbraya","group","N0.N_vs_N4.O","0.0226141814791673","0.111958944096387","0.346713977064285","3.26545586333279e-05","0.518680242801528"
"CbMPDiCbraya","group","N0.N_vs_N6.N","3.82081225044202e-05","0.996501188100982","0","0","0.00346060377651359"
"CbMPDiCbraya","group","N0.N_vs_N6.RT","0.0175652605674331","0.235721278380882","0.405915910499316","0.00600553453599916","0.334792016016369"
"CbMPDiCbraya","group","N0.N_vs_N6.RH","0.0372945099540846","0.0401587870879539","0.513613121201728","0.0111639725276911","0.397769609228542"
"CbMPDiCbraya","group","N0.N_vs_N6.Z","0.00515753180819696","0.235048568911684","0.225321466972862","0","0.534472432307257"
"CbMPDiCbraya","group","N0.N_vs_N6.O","0.0246451454992743","0.0101658587705753","0.494967050179473","5.4421768707483e-06","0.470216503373807"
"CbMPDiCbraya","group","N0.RT_vs_N0.RH","0.00475291212591129","0.445993926069658","0.0861652567652743","0.0107248706520639","0.452363034387093"
"CbMPDiCbraya","group","N0.RT_vs_N0.Z","0.0377958783559873","0.298336826326725","0.134085471324259","0.000387486182239852","0.529394337810789"
"CbMPDiCbraya","group","N0.RT_vs_N0.O","0.0478493553064081","0.21245529737382","0.39396348756408","0.00463250374877088","0.341099356006921"
"CbMPDiCbraya","group","N0.RT_vs_N2.N","0.0313500679084705","0.42138145498102","0.192897019908602","0.00231528294942722","0.35205617425248"
"CbMPDiCbraya","group","N0.RT_vs_N2.RT","0.0159931761940032","0.283959316115152","0.286911956893639","0.00859544292524494","0.404540107871961"
"CbMPDiCbraya","group","N0.RT_vs_N2.RH","0.0157847535168131","0.168828961985795","0.353336636250629","0.0136550461724146","0.448394602074348"
"CbMPDiCbraya","group","N0.RT_vs_N2.Z","0.0266417167606388","0.128878754252612","0.352259878770731","0.000839373092224703","0.491380277123793"
"CbMPDiCbraya","group","N0.RT_vs_N2.O","0.0266796860765006","0.166261688075091","0.299398322560428","0.000774448783434234","0.506885854504546"
"CbMPDiCbraya","group","N0.RT_vs_N4.N","0.0291505051050134","0.2799678229256","0.272495988821197","0.00230979308335893","0.416075890064831"
"CbMPDiCbraya","group","N0.RT_vs_N4.RT","0.00991936148943554","0.123714135881746","0.268252760068103","0.0121154579773542","0.585998284583362"
"CbMPDiCbraya","group","N0.RT_vs_N4.RH","0.0141197204249802","0.142643513763813","0.378582661110045","0.0128723291942411","0.451781775506921"
"CbMPDiCbraya","group","N0.RT_vs_N4.Z","0.0201261554608388","0.0939568575623809","0.34966524404314","0.00121673447452206","0.535035008459118"
"CbMPDiCbraya","group","N0.RT_vs_N4.O","0.0372427226207436","0.12240011605615","0.455064725570706","0.00164833406707776","0.383644101685322"
"CbMPDiCbraya","group","N0.RT_vs_N6.N","0.0270388907694915","0.395238104377601","0.16730590450476","0.00264303437998861","0.407774065968159"
"CbMPDiCbraya","group","N0.RT_vs_N6.RT","0.0133883727353983","0.14526786697406","0.305035531127367","0.0265244281572213","0.509783801005953"
"CbMPDiCbraya","group","N0.RT_vs_N6.RH","0.0173512250685315","0.141486063450444","0.303543642800615","0.0140306933281655","0.523588375352244"
"CbMPDiCbraya","group","N0.RT_vs_N6.Z","0.0255542499718305","0.171537681658027","0.264302636063772","0.000262107473832573","0.538343324832537"
"CbMPDiCbraya","group","N0.RT_vs_N6.O","0.0290554322313922","0.0586340053051619","0.506204975968623","0.00289220625747096","0.403213380237352"
"CbMPDiCbraya","group","N0.RH_vs_N0.Z","0.00451683883346939","0.3755423533775","0.0535369505200361","0.00218076735521735","0.564223089913777"
"CbMPDiCbraya","group","N0.RH_vs_N0.O","0.00518583451310268","0.317581282576374","0.178464019504851","0.0135466916080679","0.485222171797604"
"CbMPDiCbraya","group","N0.RH_vs_N2.N","0.018230314781241","0.551803772397933","0.040832195397614","0.000534762117084783","0.388598955306127"
"CbMPDiCbraya","group","N0.RH_vs_N2.RT","0.0148496118994876","0.362453660511975","0.169573990583459","0.0116401977113291","0.44148253929375"
"CbMPDiCbraya","group","N0.RH_vs_N2.RH","0.00457865786957149","0.275666324686426","0.136650329944908","0.0291579233273105","0.553946764171784"
"CbMPDiCbraya","group","N0.RH_vs_N2.Z","0.0066025404790904","0.213524028177825","0.155839015161687","0.00183588748096807","0.622198528700429"
"CbMPDiCbraya","group","N0.RH_vs_N2.O","0.00422052910826473","0.257673773518856","0.143285961855175","0.000501543972351005","0.594318191545353"
"CbMPDiCbraya","group","N0.RH_vs_N4.N","0.0104469210091113","0.471234352016027","0.230425116220196","0.000311108726176742","0.287582502028488"
"CbMPDiCbraya","group","N0.RH_vs_N4.RT","0.00518950335336037","0.270834426462804","0.161101716064799","0.0174199313049176","0.545454422814119"
"CbMPDiCbraya","group","N0.RH_vs_N4.RH","0.00251482982491903","0.238489360389142","0.206104258851626","0.0293288966835138","0.523562654250799"
"CbMPDiCbraya","group","N0.RH_vs_N4.Z","0.00347507714784584","0.184581568220247","0.129261042852582","0.000620844784919324","0.682061466994406"
"CbMPDiCbraya","group","N0.RH_vs_N4.O","0.00669528892836516","0.164023904826924","0.37429780357378","0.00118866170475037","0.45379434096618"
"CbMPDiCbraya","group","N0.RH_vs_N6.N","0.0141310391309712","0.576186994932842","0.15444126746705","0.000845371409946482","0.25439532705919"
"CbMPDiCbraya","group","N0.RH_vs_N6.RT","0.00586156302094358","0.300851572480729","0.221242205196346","0.0170029393722201","0.455041719929761"
"CbMPDiCbraya","group","N0.RH_vs_N6.RH","0.00732075053904008","0.247631500849837","0.174901372764213","0.0331272304447269","0.537019145402183"
"CbMPDiCbraya","group","N0.RH_vs_N6.Z","0.00676719834127486","0.243818259907704","0.121120112407765","0.00031085423184363","0.627983575111413"
"CbMPDiCbraya","group","N0.RH_vs_N6.O","0.00976259133448516","0.0934445256317509","0.403117360707067","0.0024316418328968","0.4912438804938"
"CbMPDiCbraya","group","N0.Z_vs_N0.O","0.0118073010767155","0.285162647639807","0.125251675884294","0.0124049595255676","0.565373415873615"
"CbMPDiCbraya","group","N0.Z_vs_N2.N","0.0282384731299898","0.280164238521592","0.0861421840439919","0","0.605455104304427"
"CbMPDiCbraya","group","N0.Z_vs_N2.RT","0.0354815569821028","0.26519372006424","0.171191624915685","0.000921981365376904","0.527211116672596"
"CbMPDiCbraya","group","N0.Z_vs_N2.RH","0.00855721000640043","0.220281120877251","0.0890163209905999","0.00650885771013163","0.675636490415617"
"CbMPDiCbraya","group","N0.Z_vs_N2.Z","0.0117492273506875","0.186693067565583","0.105439673672135","0.00210415094961748","0.694013880461977"
"CbMPDiCbraya","group","N0.Z_vs_N2.O","0.00577430997348627","0.193082350082735","0.0870945238801","0.000915288795735949","0.713133527267942"
"CbMPDiCbraya","group","N0.Z_vs_N4.N","0.028178488878328","0.282765661738512","0.239430739059975","0","0.449625110323185"
"CbMPDiCbraya","group","N0.Z_vs_N4.RT","0.020633695633908","0.207151273236827","0.160769764831703","0.00183290299545933","0.609612363302102"
"CbMPDiCbraya","group","N0.Z_vs_N4.RH","0.0071516054670953","0.196988598889204","0.132519237186757","0.0167629801143526","0.646577578342591"
"CbMPDiCbraya","group","N0.Z_vs_N4.Z","0.00761919531849198","0.142202390219486","0.100641664325262","0.000914837997985296","0.748621912138774"
"CbMPDiCbraya","group","N0.Z_vs_N4.O","0.00955234843612591","0.180070877767562","0.269744895898714","0.00013616423662982","0.540495713660969"
"CbMPDiCbraya","group","N0.Z_vs_N6.N","0.0270816254396064","0.286852301012427","0.0861052153593373","0","0.599960858188629"
"CbMPDiCbraya","group","N0.Z_vs_N6.RT","0.023787706111912","0.186634886101621","0.173017902247949","0.00311445290552823","0.61344505263299"
"CbMPDiCbraya","group","N0.Z_vs_N6.RH","0.0145291504701885","0.154414111893012","0.126428643687182","0.0244366626587486","0.680191431290868"
"CbMPDiCbraya","group","N0.Z_vs_N6.Z","0.0147375272018048","0.158147001014554","0.133985704342671","0.000817527781554128","0.692312239659416"
"CbMPDiCbraya","group","N0.Z_vs_N6.O","0.0156401939099311","0.0712556807822175","0.301844839894225","0.000544212429112346","0.610715072984514"
"CbMPDiCbraya","group","N0.O_vs_N2.N","0.045747167848959","0.133257691191059","0.545874003726132","0.00217800686345033","0.2729431303704"
"CbMPDiCbraya","group","N0.O_vs_N2.RT","0.0436358946156438","0.186410137272185","0.363708986084845","0.00296314788168758","0.403281834145639"
"CbMPDiCbraya","group","N0.O_vs_N2.RH","0.00946065947931873","0.249697674813657","0.327936873417856","0.00227710821512932","0.410627684074039"
"CbMPDiCbraya","group","N0.O_vs_N2.Z","0.0114811800952899","0.19967990529269","0.300214583435371","0.00265490243239055","0.485969428744258"
"CbMPDiCbraya","group","N0.O_vs_N2.O","0.00752437259746887","0.273367820543237","0.191000208847322","0.0137245182107397","0.514383079801233"
"CbMPDiCbraya","group","N0.O_vs_N4.N","0.0436334203862072","0.133889124659753","0.562858891465901","0.00232003120570836","0.257298532282431"
"CbMPDiCbraya","group","N0.O_vs_N4.RT","0.0269175420221958","0.133131017495988","0.374640087331612","0.00164662199318257","0.463664731157022"
"CbMPDiCbraya","group","N0.O_vs_N4.RH","0.00801275204085766","0.227498040964023","0.36862096645785","0.0111578678208316","0.384710372716438"
"CbMPDiCbraya","group","N0.O_vs_N4.Z","0.00749792848880724","0.176837199414301","0.318611985796662","0.00241852280912935","0.494634363491101"
"CbMPDiCbraya","group","N0.O_vs_N4.O","0.0108957870037271","0.196109291514154","0.433534070143027","0.0088031279640017","0.35065772337509"
"CbMPDiCbraya","group","N0.O_vs_N6.N","0.0421195796564977","0.137801743768126","0.553793119458173","0.00235816692644767","0.263927390190756"
"CbMPDiCbraya","group","N0.O_vs_N6.RT","0.0275241330404823","0.099088461180841","0.420588680862486","0.00442310583717649","0.448375619079014"
"CbMPDiCbraya","group","N0.O_vs_N6.RH","0.0134400561272048","0.160535483728553","0.377973203768179","0.0100714626811436","0.43797979369492"
"CbMPDiCbraya","group","N0.O_vs_N6.Z","0.0154613465587031","0.157541129956456","0.301479499363131","0.00715167773724843","0.518366346384462"
"CbMPDiCbraya","group","N0.O_vs_N6.O","0.014299197438483","0.165101163488331","0.47734811969625","0.00859164152139535","0.334659877855541"
"CbMPDiCbraya","group","N2.N_vs_N2.RT","0.0245751974061254","0.461156583815152","0.24486797639634","0.00221048511137962","0.267189757271003"
"CbMPDiCbraya","group","N2.N_vs_N2.RH","0.0322326466885231","0.0481898286794057","0.544022174916558","0.00942078520216943","0.366134564513343"
"CbMPDiCbraya","group","N2.N_vs_N2.Z","0.0160069143330264","0.0318260969340561","0.533458696510022","0","0.418708292222895"
"CbMPDiCbraya","group","N2.N_vs_N2.O","0.0477807017917071","0.0719075376710141","0.519039945996825","0.000114441416893733","0.36115737312356"
"CbMPDiCbraya","group","N2.N_vs_N4.N","0.000256657570434724","0.99796850799253","2.72940665953766e-05","0","0.00174754037043961"
"CbMPDiCbraya","group","N2.N_vs_N4.RT","0.0185086014457992","0.174550978945991","0.346852870348158","0.00681650218732459","0.453271047072728"
"CbMPDiCbraya","group","N2.N_vs_N4.RH","0.0352662959345912","0.058995051618104","0.531140216164925","0.0100217040148914","0.364576732267488"
"CbMPDiCbraya","group","N2.N_vs_N4.Z","0.0116951309514111","0.0183209933095497","0.496992138949591","0","0.472991736789449"
"CbMPDiCbraya","group","N2.N_vs_N4.O","0.021943371985223","0.112263617673803","0.436117268518382","4.35730413203128e-05","0.429632168781272"
"CbMPDiCbraya","group","N2.N_vs_N6.N","0","0.995600132174804","0","0","0.00439986782519583"
"CbMPDiCbraya","group","N2.N_vs_N6.RT","0.0181385181004783","0.207121307185058","0.367603674660218","0.00648012185469205","0.400656378199554"
"CbMPDiCbraya","group","N2.N_vs_N6.RH","0.0300220321874241","0.0620831823750137","0.448656025617221","0.0141670006476364","0.445071759172705"
"CbMPDiCbraya","group","N2.N_vs_N6.Z","0.00583987034042458","0.236477987213172","0.298532045732902","6.55200655200655e-05","0.459084576647982"
"CbMPDiCbraya","group","N2.N_vs_N6.O","0.0249941028826082","0.010313186577474","0.504425783487499","9.79118217860982e-05","0.460169015230632"
"CbMPDiCbraya","group","N2.RT_vs_N2.RH","0.0115063757534439","0.182277475916141","0.373262058499322","0.013085531274446","0.419868558556648"
"CbMPDiCbraya","group","N2.RT_vs_N2.Z","0.019627989565105","0.12943963317751","0.398678141091988","0.00041972573337982","0.451834510432018"
"CbMPDiCbraya","group","N2.RT_vs_N2.O","0.0263951404055753","0.171434125322573","0.298178555236291","0.00128652044188576","0.502705658593675"
"CbMPDiCbraya","group","N2.RT_vs_N4.N","0.0224972881828611","0.3702846117708","0.298731577950346","0.00218856318261504","0.306297958913378"
"CbMPDiCbraya","group","N2.RT_vs_N4.RT","0.00761685506932594","0.199158058921418","0.297254548645698","0.0120873005435495","0.483883236820008"
"CbMPDiCbraya","group","N2.RT_vs_N4.RH","0.0164585882471014","0.17270939480902","0.378153265653098","0.0111329749090625","0.421545776381718"
"CbMPDiCbraya","group","N2.RT_vs_N4.Z","0.0176655131945196","0.115657988922444","0.357296127010292","0.00129066940765508","0.508089701465089"
"CbMPDiCbraya","group","N2.RT_vs_N4.O","0.0294308892995643","0.0905938536714525","0.472639184969721","0.00133609610411768","0.405999975955144"
"CbMPDiCbraya","group","N2.RT_vs_N6.N","0.0205920506195014","0.465942797777015","0.253263418654818","0.00276682795694282","0.257434904991723"
"CbMPDiCbraya","group","N2.RT_vs_N6.RT","0.00569580419354987","0.235108275442802","0.316586353900522","0.014025983371786","0.428583583091341"
"CbMPDiCbraya","group","N2.RT_vs_N6.RH","0.00810973233010417","0.165344470056318","0.33063710738765","0.0115370511152216","0.484371639110706"
"CbMPDiCbraya","group","N2.RT_vs_N6.Z","0.020617390831602","0.161115620749219","0.272852010961056","0.000305608428105706","0.545109369030017"
"CbMPDiCbraya","group","N2.RT_vs_N6.O","0.0371928331005141","0.072476155440282","0.439312122555326","0.00196329476548116","0.449055594138396"
"CbMPDiCbraya","group","N2.RH_vs_N2.Z","0.00138379572867836","0.149991035078514","0.337648338356119","0.0204160688841711","0.490560761952518"
"CbMPDiCbraya","group","N2.RH_vs_N2.O","0.00216539847015461","0.221418543528066","0.199111586039461","0.0119331379516333","0.565371334010685"
"CbMPDiCbraya","group","N2.RH_vs_N4.N","0.0256086076208336","0.0539355783703744","0.589324157290907","0.00951317650651726","0.321618480211368"
"CbMPDiCbraya","group","N2.RH_vs_N4.RT","0.00578541153720424","0.148578914522928","0.333719087800993","0.0125358142850588","0.499380771853816"
"CbMPDiCbraya","group","N2.RH_vs_N4.RH","0.000654823061407363","0.17572988294023","0.213599058677147","0.0638576323467814","0.546158602974434"
"CbMPDiCbraya","group","N2.RH_vs_N4.Z","0.00217075387456111","0.125244396199113","0.335254828993129","0.0164030633904658","0.52092695754273"
"CbMPDiCbraya","group","N2.RH_vs_N4.O","0.00318513568587342","0.103680738332146","0.431735523295393","0.0224377951795552","0.438960807507031"
"CbMPDiCbraya","group","N2.RH_vs_N6.N","0.0275376218438988","0.0735436459558182","0.545504487904079","0.0099756612660433","0.343438583030161"
"CbMPDiCbraya","group","N2.RH_vs_N6.RT","0.00451425408068159","0.0969370536120287","0.352698898262169","0.0164257367931488","0.529424057251972"
"CbMPDiCbraya","group","N2.RH_vs_N6.RH","0.000452726094310471","0.0996682557647931","0.252689529506626","0.042193656740382","0.604995831893888"
"CbMPDiCbraya","group","N2.RH_vs_N6.Z","0.00595410220529463","0.122378466038993","0.238992507878885","0.00852461327993552","0.624150310596893"
"CbMPDiCbraya","group","N2.RH_vs_N6.O","0.00659487262219364","0.0828700419685585","0.435066975411319","0.0159872444035398","0.459480865594389"
"CbMPDiCbraya","group","N2.Z_vs_N2.O","0.00162965757573157","0.186725136655548","0.146032645243922","0.00863180408892673","0.656980756435871"
"CbMPDiCbraya","group","N2.Z_vs_N4.N","0.0155704398232617","0.0333685204732483","0.586159386848979","0","0.364901652854511"
"CbMPDiCbraya","group","N2.Z_vs_N4.RT","0.0120234848275939","0.114550427379726","0.34003924130339","0.000239804419586009","0.533147042069705"
"CbMPDiCbraya","group","N2.Z_vs_N4.RH","0.00148806281993815","0.143618716825169","0.373954046514974","0.045288934806963","0.435650239032955"
"CbMPDiCbraya","group","N2.Z_vs_N4.Z","0.00030521175486097","0.0962502901983091","0.142120296700198","0.0267523053936897","0.734571895952942"
"CbMPDiCbraya","group","N2.Z_vs_N4.O","0.00227624638823035","0.0816169269364048","0.4241320268758","0.00321138941886821","0.488763410380696"
"CbMPDiCbraya","group","N2.Z_vs_N6.N","0.0150993280511663","0.0372964042199839","0.524134494885125","2.72776868521549e-05","0.423442495156873"
"CbMPDiCbraya","group","N2.Z_vs_N6.RT","0.0122390338025969","0.0828207205179496","0.361376904903996","0.00355026920770939","0.540013071567749"
"CbMPDiCbraya","group","N2.Z_vs_N6.RH","0.001096798915447","0.077592473869091","0.342142527872067","0.0173518861582516","0.561816313185143"
"CbMPDiCbraya","group","N2.Z_vs_N6.Z","0.00105927004669333","0.097798411662732","0.182732187410827","0.0394363365313582","0.678973794348389"
"CbMPDiCbraya","group","N2.Z_vs_N6.O","0.0030469546449277","0.0636616760752777","0.432177470936671","0.00491104929654229","0.496202849046582"
"CbMPDiCbraya","group","N2.O_vs_N4.N","0.0435981042408082","0.0723059365051552","0.528775739752576","7.08446866485014e-05","0.355249374814812"
"CbMPDiCbraya","group","N2.O_vs_N4.RT","0.0195675605258434","0.143538010923893","0.26910281160815","0.000921121205409665","0.566870495736704"
"CbMPDiCbraya","group","N2.O_vs_N4.RH","0.00460088133921494","0.181122253525938","0.243839461260177","0.0115958498208594","0.558841554053811"
"CbMPDiCbraya","group","N2.O_vs_N4.Z","0.000511831672784051","0.151477570969179","0.162874010455153","0.006002733129947","0.679133853772937"
"CbMPDiCbraya","group","N2.O_vs_N4.O","0.0012524857591685","0.148933863316953","0.35686193917265","0.00726762688563839","0.48568408486559"
"CbMPDiCbraya","group","N2.O_vs_N6.N","0.0406519590524361","0.0815823417392714","0.516096210930166","9.2705656484954e-05","0.361576782621642"
"CbMPDiCbraya","group","N2.O_vs_N6.RT","0.0186563116859614","0.107882221416071","0.295346865134261","0.00277386890542044","0.575340732858286"
"CbMPDiCbraya","group","N2.O_vs_N6.RH","0.00450940904199704","0.108950814969595","0.248116434577617","0.0107081334156843","0.627715207995106"
"CbMPDiCbraya","group","N2.O_vs_N6.Z","0.00282650583000802","0.14229336611203","0.178587875398889","0.0010741112196228","0.675218141439451"
"CbMPDiCbraya","group","N2.O_vs_N6.O","0.0024743494924258","0.1562820457855","0.377311288711267","0.00342731149233531","0.460505004518472"
"CbMPDiCbraya","group","N4.N_vs_N4.RT","0.0148831256864675","0.0957450824144195","0.647857132535451","0.00623317151583515","0.235281487847827"
"CbMPDiCbraya","group","N4.N_vs_N4.RH","0.0208871349566536","0.0736523131605702","0.55672533138517","0.00931223862611178","0.339422981871495"
"CbMPDiCbraya","group","N4.N_vs_N4.Z","0.0111613431900203","0.0191600715414496","0.563256865646284","0","0.406421719622246"
"CbMPDiCbraya","group","N4.N_vs_N4.O","0.0206189276407744","0.113495434214378","0.408951830570702","2.72034820457019e-05","0.4569066040921"
"CbMPDiCbraya","group","N4.N_vs_N6.N","0.000295094277681594","0.99676355927517","0.000136740579847801","0","0.00280460586730098"
"CbMPDiCbraya","group","N4.N_vs_N6.RT","0.0178054055404783","0.0890175084989891","0.479706859758317","0.00622920271231641","0.407241023489899"
"CbMPDiCbraya","group","N4.N_vs_N6.RH","0.0226513383163514","0.0397180761489089","0.612881756400662","0.0117299625473462","0.313018866586731"
"CbMPDiCbraya","group","N4.N_vs_N6.Z","0.00545773537145262","0.239572769174172","0.359418914970615","0","0.395550580483761"
"CbMPDiCbraya","group","N4.N_vs_N6.O","0.0248196279204526","0.0104605143860018","0.517236050697486","1.08843537414966e-05","0.447472922642319"
"CbMPDiCbraya","group","N4.RT_vs_N4.RH","0.00137950539305012","0.15554337227191","0.331466238502456","0.0128319007990166","0.498778983033567"
"CbMPDiCbraya","group","N4.RT_vs_N4.Z","0.0109713289029235","0.0855629141270788","0.317976389028632","0.00141634741413883","0.584073020527227"
"CbMPDiCbraya","group","N4.RT_vs_N4.O","0.0177339520638184","0.0682558897149975","0.423089614046575","0.00268747762202172","0.488233066552588"
"CbMPDiCbraya","group","N4.RT_vs_N6.N","0.0138205432468061","0.18598460295689","0.400612849428843","0.00697476779062496","0.392607236576836"
"CbMPDiCbraya","group","N4.RT_vs_N6.RT","0.00436892493079355","0.126484206421399","0.29407627714818","0.0444220933884065","0.530648498111221"
"CbMPDiCbraya","group","N4.RT_vs_N6.RH","0.00241192887131636","0.0897264607225845","0.304312735157709","0.012545438246905","0.591003437001485"
"CbMPDiCbraya","group","N4.RT_vs_N6.Z","0.01346597677652","0.133284682996863","0.260510206453416","0.00291209743029704","0.589827036342903"
"CbMPDiCbraya","group","N4.RT_vs_N6.O","0.026612931571631","0.0539507404694836","0.425984800139902","0.00471444888147665","0.488737078937507"
"CbMPDiCbraya","group","N4.RH_vs_N4.Z","0.00291890488723717","0.120264825173917","0.336513422617083","0.0304931104022581","0.509809736919505"
"CbMPDiCbraya","group","N4.RH_vs_N4.O","0.00420018384354089","0.106084070105572","0.44441207278525","0.0301369540547261","0.415166719210911"
"CbMPDiCbraya","group","N4.RH_vs_N6.N","0.0266956530854421","0.0931267789227078","0.512469924816693","0.0111673811611692","0.356540262013988"
"CbMPDiCbraya","group","N4.RH_vs_N6.RT","0.00296832835670906","0.0999939226164675","0.406291894819666","0.0113135042033641","0.479432350003793"
"CbMPDiCbraya","group","N4.RH_vs_N6.RH","0.00039822945727535","0.122291988929659","0.230524015119813","0.044938406029559","0.601847360463694"
"CbMPDiCbraya","group","N4.RH_vs_N6.Z","0.00460195851205261","0.138932453866785","0.232710443190398","0.0231440766252865","0.600611067805478"
"CbMPDiCbraya","group","N4.RH_vs_N6.O","0.00694790329630541","0.0769265649865826","0.469634465174113","0.031646732777538","0.414844333765461"
"CbMPDiCbraya","group","N4.Z_vs_N4.O","0.000593432203328556","0.0634337297683335","0.420804544675559","0.00470938914067268","0.510458904212106"
"CbMPDiCbraya","group","N4.Z_vs_N6.N","0.0116951683077312","0.0235843166325256","0.512955419782446","3.8129608542365e-05","0.451726965668755"
"CbMPDiCbraya","group","N4.Z_vs_N6.RT","0.0145690916099592","0.0809285248839558","0.331157981308103","0.00466601346934732","0.568678388728634"
"CbMPDiCbraya","group","N4.Z_vs_N6.RH","0.00137564728411362","0.0788800328032973","0.288209010377992","0.0186195641184263","0.612915745416171"
"CbMPDiCbraya","group","N4.Z_vs_N6.Z","0.00079643717617424","0.0800059245106174","0.145616690403073","0.0254626342149152","0.74811831369522"
"CbMPDiCbraya","group","N4.Z_vs_N6.O","0.00187893512747641","0.0525933979929789","0.414922233188233","0.0100416389345933","0.520563794756718"
"CbMPDiCbraya","group","N4.O_vs_N6.N","0.0208256244808732","0.116329337966146","0.429961139836649","5.45184869673501e-05","0.432829379229364"
"CbMPDiCbraya","group","N4.O_vs_N6.RT","0.02184060712202","0.0448632469412517","0.441926821701841","0.0108536573413573","0.480515666893529"
"CbMPDiCbraya","group","N4.O_vs_N6.RH","0.00394850983609574","0.0669479185913153","0.395555585401139","0.0250734028836124","0.508474583287838"
"CbMPDiCbraya","group","N4.O_vs_N6.Z","0.00104218165976394","0.0791682805983694","0.372311632514194","0.00174450153132216","0.545733403696351"
"CbMPDiCbraya","group","N4.O_vs_N6.O","0.000425370109505885","0.0714881053339592","0.255007457652901","0.0193005820605582","0.653778484843076"
"CbMPDiCbraya","group","N6.N_vs_N6.RT","0.0118329762715843","0.192725954077662","0.477842280018617","0.00630002658037113","0.311298763051766"
"CbMPDiCbraya","group","N6.N_vs_N6.RH","0.0253537045862448","0.053917333105305","0.504026348532458","0.014421843897337","0.402280769878655"
"CbMPDiCbraya","group","N6.N_vs_N6.Z","0.00577980287926671","0.243822730536517","0.272409543748629","3.27600327600328e-05","0.477955162802827"
"CbMPDiCbraya","group","N6.N_vs_N6.O","0.0252069258649718","0.0113707269455133","0.525134485614767","0.000217708312551391","0.438070153262196"
"CbMPDiCbraya","group","N6.RT_vs_N6.RH","0.00663023774828903","0.108278293824501","0.34754110378953","0.0275674710943355","0.509982893543344"
"CbMPDiCbraya","group","N6.RT_vs_N6.Z","0.0145726112170296","0.104143759339862","0.277234517277217","0.0108572680650456","0.593191844100846"
"CbMPDiCbraya","group","N6.RT_vs_N6.O","0.0294207239862239","0.0487527181374557","0.448434250159157","0.0185951869832786","0.454797120733885"
"CbMPDiCbraya","group","N6.RH_vs_N6.Z","0.00299764329167558","0.105446483203539","0.217530613546432","0.0176477380121632","0.65637752194619"
"CbMPDiCbraya","group","N6.RH_vs_N6.O","0.0040183977221673","0.0637437917316934","0.413124120390601","0.0230602391271858","0.496053451028353"
"CbMPDiCbraya","group","N6.Z_vs_N6.O","0.00158948837547545","0.0777742972187599","0.377294742146277","0.00385525963573242","0.539486212623755"
