"Method","GroupBasedOn","Group","HeS","HoS","DL","HD","DR"
"CbMPDiCbraya","Niche","Rootzone","0.00656060180321712","0.324448519090642","0.375388741367684","0.0144449713660296","0.279157166372427"
"CbMPDiCbraya","Niche","Rhizosphere","0.04421447021409","0.477318308101009","0.235572190803929","0.00774131204343761","0.235153718837534"
"CbMPDiCbraya","Niche","Root","0.0313797523308839","0.462653086127903","0.171324934490026","0.00192513469120026","0.332717092359987"
"CbMPDiCbraya","Niche","Nodule","0.0312787080400976","0.27541251807646","0.344828287640295","0.00245697046830871","0.346023515774838"
"CbMPDiCbraya","Niche","Original","0.00602871754699011","0.415069974224884","0.373274438061584","0.0203615235006815","0.18526534666586"
"CbMPDiCbraya","Niche","Rootzone_vs_Rhizosphere","0.0252456451308755","0.364930086846576","0.344661091944493","0.00984651459433391","0.255316661483721"
"CbMPDiCbraya","Niche","Rootzone_vs_Root","0.032538289494855","0.270856750429737","0.33902735790016","0.00508774280939182","0.352489859365856"
"CbMPDiCbraya","Niche","Rootzone_vs_Nodule","0.0562888536416924","0.172517306135712","0.366536468139783","0.00261431156690085","0.402043060515912"
"CbMPDiCbraya","Niche","Rootzone_vs_Original","0.0351827654498583","0.387097877034572","0.454588585438847","0.00610803720645321","0.117022734870269"
"CbMPDiCbraya","Niche","Rhizosphere_vs_Root","0.0524684622165497","0.358757764618135","0.278246157733254","0.00294447776917434","0.307583137662887"
"CbMPDiCbraya","Niche","Rhizosphere_vs_Nodule","0.0858247229558179","0.271139605014678","0.295330965167588","0.00180888300552381","0.345895823856392"
"CbMPDiCbraya","Niche","Rhizosphere_vs_Original","0.0885856402389847","0.449219993078723","0.327011354040381","0.00629848252088893","0.128884530121023"
"CbMPDiCbraya","Niche","Root_vs_Nodule","0.0429000053182668","0.321061338522244","0.264458414103104","0.00216188032620749","0.369418361730178"
"CbMPDiCbraya","Niche","Root_vs_Original","0.0896747206764704","0.199130272510899","0.396083213645295","0.010242375390185","0.304869417777151"
"CbMPDiCbraya","Niche","Nodule_vs_Original","0.0863725313330233","0.218812657724439","0.342392604355996","0.00791865187392254","0.34450355471262"
"CbMPDiCbraya","treatment","N0","0.0566437225305592","0.312877532959842","0.362871624529243","0.00722857439802235","0.260378545582334"
"CbMPDiCbraya","treatment","N2","0.0576501085175884","0.322657727579037","0.370412508201449","0.00630332438001659","0.242976331321909"
"CbMPDiCbraya","treatment","N4","0.0280987322519563","0.363690249486121","0.266799785755523","0.00603384909980801","0.335377383406592"
"CbMPDiCbraya","treatment","N6","0.0536914858727764","0.306672348655024","0.297037914418798","0.00703727392673112","0.33556097712667"
"CbMPDiCbraya","treatment","N0_vs_N2","0.056114173581362","0.319373776366158","0.372954067953763","0.00586084401580906","0.245697138082908"
"CbMPDiCbraya","treatment","N0_vs_N4","0.0529320397557866","0.320680763109646","0.326563687110837","0.00613962311982072","0.29368388690391"
"CbMPDiCbraya","treatment","N0_vs_N6","0.0641815785912996","0.288426240408464","0.347229870585149","0.00653557663160171","0.293626733783486"
"CbMPDiCbraya","treatment","N2_vs_N4","0.0502260612120245","0.340542812932174","0.324797491452831","0.00564740880855854","0.278786225594412"
"CbMPDiCbraya","treatment","N2_vs_N6","0.0621804434465148","0.294718801491371","0.351467350459051","0.00591492833716423","0.285718476265899"
"CbMPDiCbraya","treatment","N4_vs_N6","0.037414131122447","0.332372102060587","0.29182236070257","0.00661893041033265","0.331772475704064"
"CbMPDiCbraya","group","N0.Z","0.00189556096493657","0.272007534858795","0.392793219011149","0.0225000621439361","0.310803623021183"
"CbMPDiCbraya","group","N2.Z","7.3415013488962e-05","0.30454058940823","0.384920163068343","0.0122008234305196","0.298265009079418"
"CbMPDiCbraya","group","N4.Z","0.00174639068459649","0.394934305102292","0.235001271929286","0.0296423968879665","0.338675635395859"
"CbMPDiCbraya","group","N6.Z","0.017441071809301","0.343278009285642","0.358390731087747","0.0133522115030547","0.267537976314256"
"CbMPDiCbraya","group","N0.RH","0.0277996087074422","0.252297257621452","0.438884803406438","0.00888345802015918","0.272134872244509"
"CbMPDiCbraya","group","N2.RH","0.0955644776513379","0.491081280202518","0.221469882446692","0.00094537940517317","0.190938980294279"
"CbMPDiCbraya","group","N4.RH","0.0056531900436778","0.635680170343226","0.0875945510117174","0.00721225547930029","0.263859833122078"
"CbMPDiCbraya","group","N6.RH","7.24081451883512e-05","0.586537126067799","0.137294340303006","0.0115911841597844","0.264504941324223"
"CbMPDiCbraya","group","N0.RT","0.0222719711033723","0.665494194895279","0.0695615115646112","0.00125435468071201","0.241417967756026"
"CbMPDiCbraya","group","N2.RT","0.00201587398547376","0.470025867957884","0.203423276507943","0.0032058741727236","0.321329107375975"
"CbMPDiCbraya","group","N4.RT","0.0112298649542916","0.451530096273048","0.167961997811816","0.00109615439532705","0.368181886565517"
"CbMPDiCbraya","group","N6.RT","0.0193843478388606","0.348323985498365","0.160459616234035","0.00273603152980012","0.469096018898939"
"CbMPDiCbraya","group","N0.N","0.0694644189639912","0.406330133748989","0.284929675389583","0.00780207297650932","0.231473698920928"
"CbMPDiCbraya","group","N2.N","0.0290174352525645","0.461575515555873","0.321978232175617","0.00748737921967955","0.179941437796266"
"CbMPDiCbraya","group","N4.N","7.13877784123358e-05","0.136276777142576","0.356343898222377","0.000133583424462574","0.507174353432173"
"CbMPDiCbraya","group","N6.N","0.007741649217875","0.145199396851536","0.324006184663918","2.24350565395255e-05","0.523030334210131"
"CbMPDiCbraya","group","N0.O","0.0049605084412417","0.368950019127551","0.382603296133429","0.021757316600519","0.221728859697259"
"CbMPDiCbraya","group","N2.O","0.00370592946699689","0.387880641901092","0.358248896622641","0.0304334830311442","0.219731048978126"
"CbMPDiCbraya","group","N4.O","0.000545646435095821","0.511364434804549","0.205334775444685","0.0373172515076438","0.245437891808026"
"CbMPDiCbraya","group","N6.O","0.00262552455369138","0.508056379235146","0.303183789769447","0.0253524863378527","0.160781820103863"
"CbMPDiCbraya","group","N0.Z_vs_N2.Z","0.00105597950215613","0.291193784250465","0.419055701273918","0.00804515051896858","0.280649384454493"
"CbMPDiCbraya","group","N0.Z_vs_N4.Z","0.00087690720490657","0.360251125439083","0.362206842935906","0.0181003799670659","0.258564744453039"
"CbMPDiCbraya","group","N0.Z_vs_N6.Z","0.00584520886843673","0.323617947008902","0.428633482907499","0.0143630118604003","0.227540349354762"
"CbMPDiCbraya","group","N0.Z_vs_N0.RH","0.0100531295066564","0.244626312150231","0.444818195759062","0.013781296880786","0.286721065703265"
"CbMPDiCbraya","group","N0.Z_vs_N2.RH","0.0142775022118439","0.321418365677513","0.382232657278406","0.00949345063941004","0.272578024192827"
"CbMPDiCbraya","group","N0.Z_vs_N4.RH","0.00566969145565092","0.453786618948088","0.261528548926158","0.0146884154295834","0.26432672524052"
"CbMPDiCbraya","group","N0.Z_vs_N6.RH","0.00349035339650234","0.415899346077532","0.314769653841615","0.0189517713137826","0.246888875370568"
"CbMPDiCbraya","group","N0.Z_vs_N0.RT","0.0426666517611531","0.305697472627121","0.272435493241336","0.00468155921361004","0.37451882315678"
"CbMPDiCbraya","group","N0.Z_vs_N2.RT","0.0202986910779914","0.230981258500977","0.415879681469365","0.00575669292963612","0.327083676022031"
"CbMPDiCbraya","group","N0.Z_vs_N4.RT","0.0362008685082165","0.234067982589397","0.352071390813977","0.00578228537853282","0.371877472709877"
"CbMPDiCbraya","group","N0.Z_vs_N6.RT","0.0383997066683028","0.237458865558315","0.290335917358458","0.0123551652417832","0.421450345173141"
"CbMPDiCbraya","group","N0.Z_vs_N0.N","0.0768021198785127","0.169028854993089","0.373021773140214","0.0048429419596051","0.37630431002858"
"CbMPDiCbraya","group","N0.Z_vs_N2.N","0.0594124554531582","0.183137712452464","0.417666513341427","0.00274495285370078","0.33703836589925"
"CbMPDiCbraya","group","N0.Z_vs_N4.N","0.0357685398693631","0.145981324265255","0.301793290624494","0.000924287081128434","0.515532558159759"
"CbMPDiCbraya","group","N0.Z_vs_N6.N","0.0684509960259996","0.131318173841698","0.274531470664033","0.00105643546139849","0.52464292400687"
"CbMPDiCbraya","group","N0.Z_vs_N0.O","0.0216442434110873","0.392211065342615","0.501527063425167","0.00690281340616045","0.0777148144149698"
"CbMPDiCbraya","group","N0.Z_vs_N2.O","0.0104423685956722","0.371600944253041","0.513295114377461","0.00667597358312381","0.0979855991907023"
"CbMPDiCbraya","group","N0.Z_vs_N4.O","0.0123480282542498","0.336221107951905","0.557467377526408","0.00546635815588761","0.0884971281115494"
"CbMPDiCbraya","group","N0.Z_vs_N6.O","0.0180039967192985","0.329745753583672","0.54207656415564","0.00821629442147141","0.101957391119918"
"CbMPDiCbraya","group","N2.Z_vs_N4.Z","0.000964595231966139","0.326467405409975","0.34283828367952","0.0130766551771393","0.316653060501399"
"CbMPDiCbraya","group","N2.Z_vs_N6.Z","0.0131257380204965","0.349525172924737","0.371920139340732","0.00758316249372119","0.257845787220314"
"CbMPDiCbraya","group","N2.Z_vs_N0.RH","0.0197526745923257","0.240296568887705","0.4858299780185","0.00568805212282359","0.248432726378646"
"CbMPDiCbraya","group","N2.Z_vs_N2.RH","0.0111526105978359","0.335202461743367","0.396783185040164","0.00243539372310488","0.254426348895528"
"CbMPDiCbraya","group","N2.Z_vs_N4.RH","0.00164701662827625","0.416957433250364","0.310569596479173","0.00543939611535386","0.265386557526833"
"CbMPDiCbraya","group","N2.Z_vs_N6.RH","0.000278990641112269","0.372496047179487","0.356078719436896","0.00690261425439048","0.264243628488115"
"CbMPDiCbraya","group","N2.Z_vs_N0.RT","0.0214646284814024","0.362404894098196","0.276102709683287","0.00390016049281792","0.336127607244297"
"CbMPDiCbraya","group","N2.Z_vs_N2.RT","0.0140138442911998","0.261490629102583","0.440830598199481","0.00596378332643379","0.277701145080303"
"CbMPDiCbraya","group","N2.Z_vs_N4.RT","0.0220328787025082","0.264796086414596","0.383474118254735","0.00388235069802861","0.325814565930132"
"CbMPDiCbraya","group","N2.Z_vs_N6.RT","0.0341864336720886","0.277674926457231","0.308279913636689","0.00341021099080106","0.376448515243191"
"CbMPDiCbraya","group","N2.Z_vs_N0.N","0.050110818622645","0.194781914507435","0.43976907006729","0.00351869745402747","0.311819499348603"
"CbMPDiCbraya","group","N2.Z_vs_N2.N","0.0607977961317874","0.179100004078218","0.469368675338899","0.00283419328507508","0.28789933116602"
"CbMPDiCbraya","group","N2.Z_vs_N4.N","0.0201510453097699","0.16590977709913","0.41522431770961","0.0021139982341338","0.396600861647356"
"CbMPDiCbraya","group","N2.Z_vs_N6.N","0.0236071249509772","0.123545731908681","0.379853213582548","0.000940946602060807","0.472052982955732"
"CbMPDiCbraya","group","N2.Z_vs_N0.O","0.0428005668527623","0.323288105800791","0.49383054045388","0.00506960337934375","0.135011183513222"
"CbMPDiCbraya","group","N2.Z_vs_N2.O","0.0241328511195397","0.361899739113609","0.462996844712479","0.00578048952585378","0.145190075528518"
"CbMPDiCbraya","group","N2.Z_vs_N4.O","0.0265308413592145","0.338582207358","0.479893770637295","0.00538749118651117","0.14960568945898"
"CbMPDiCbraya","group","N2.Z_vs_N6.O","0.0534781949153153","0.33071978690248","0.466913532182947","0.00613125799648802","0.142757228002769"
"CbMPDiCbraya","group","N4.Z_vs_N6.Z","0.0195295694875589","0.288849134593735","0.379857830218214","0.0175352247783391","0.294228240922153"
"CbMPDiCbraya","group","N4.Z_vs_N0.RH","0.0986636556904452","0.283813502508807","0.363232055661629","0.0120292360029351","0.242261550136184"
"CbMPDiCbraya","group","N4.Z_vs_N2.RH","0.0410614216688552","0.355973561282702","0.30794300281188","0.00805524778117518","0.286966766455387"
"CbMPDiCbraya","group","N4.Z_vs_N4.RH","0.00416615908901206","0.454250431605833","0.234475974243955","0.0117545998413075","0.295352835219892"
"CbMPDiCbraya","group","N4.Z_vs_N6.RH","0.00155935682081379","0.404849251356501","0.310278485673784","0.0170538437947199","0.266259062354181"
"CbMPDiCbraya","group","N4.Z_vs_N0.RT","0.0560665127840416","0.278069849153571","0.263022915376809","0.00570841668277669","0.397132306002802"
"CbMPDiCbraya","group","N4.Z_vs_N2.RT","0.0252111647797977","0.227115261366406","0.401396522659764","0.00634520093798621","0.339931850256046"
"CbMPDiCbraya","group","N4.Z_vs_N4.RT","0.03657976558305","0.265719738972667","0.296930028618164","0.00543794244475854","0.395332524381361"
"CbMPDiCbraya","group","N4.Z_vs_N6.RT","0.0348380651430479","0.277046791740847","0.255577038419172","0.00399927600402588","0.428538828692907"
"CbMPDiCbraya","group","N4.Z_vs_N0.N","0.0792036979928943","0.180708543546447","0.334251360297581","0.00571668309143744","0.40011971507164"
"CbMPDiCbraya","group","N4.Z_vs_N2.N","0.0887772727116601","0.21368950646133","0.354040238395447","0.00464078456251202","0.338852197869051"
"CbMPDiCbraya","group","N4.Z_vs_N4.N","0.0418021937587507","0.204485431569727","0.24990199435452","0.00131944605125763","0.502490934265745"
"CbMPDiCbraya","group","N4.Z_vs_N6.N","0.0519146776446331","0.18394430341543","0.238662070947787","0.00147771260085687","0.524001235391293"
"CbMPDiCbraya","group","N4.Z_vs_N0.O","0.0302102715981743","0.428245124622111","0.425491552150879","0.00785319555238352","0.108199856076452"
"CbMPDiCbraya","group","N4.Z_vs_N2.O","0.0235341277768797","0.464332591518335","0.410853461219959","0.00525428902129746","0.0960255304635291"
"CbMPDiCbraya","group","N4.Z_vs_N4.O","0.0129940405442904","0.468191699197039","0.410997626755923","0.00326424408160484","0.104552389421143"
"CbMPDiCbraya","group","N4.Z_vs_N6.O","0.0318116132238174","0.444843662736691","0.404599336686863","0.00617994980782124","0.112565437544808"
"CbMPDiCbraya","group","N6.Z_vs_N0.RH","0.0762214565735178","0.275947310707054","0.441762249425842","0.00604796227440712","0.200021021019179"
"CbMPDiCbraya","group","N6.Z_vs_N2.RH","0.0338303399919546","0.419767847859437","0.313377224949028","0.00355186432555826","0.229472722874022"
"CbMPDiCbraya","group","N6.Z_vs_N4.RH","0.0353873516571801","0.431039034688253","0.287834551686229","0.00743556749671269","0.238303494471626"
"CbMPDiCbraya","group","N6.Z_vs_N6.RH","0.046718611572026","0.412557295622346","0.30306339187957","0.014235521513292","0.223425179412767"
"CbMPDiCbraya","group","N6.Z_vs_N0.RT","0.0298858233468988","0.324461375279859","0.323199732164438","0.00276995140454462","0.31968311780426"
"CbMPDiCbraya","group","N6.Z_vs_N2.RT","0.0213734995163125","0.255052949904102","0.437362285544725","0.00421986668061797","0.281991398354243"
"CbMPDiCbraya","group","N6.Z_vs_N4.RT","0.0418613777450396","0.265589449596405","0.37488694795126","0.00292163596771665","0.314740588739578"
"CbMPDiCbraya","group","N6.Z_vs_N6.RT","0.0455327198566291","0.266080475513525","0.332652433010899","0.00426938655619909","0.351464985062747"
"CbMPDiCbraya","group","N6.Z_vs_N0.N","0.0581035266833385","0.242005491364523","0.40122949987937","0.00298450795280924","0.295676974119959"
"CbMPDiCbraya","group","N6.Z_vs_N2.N","0.0596883117197832","0.172855702955312","0.494554313359446","0.00364297730966626","0.269258694655792"
"CbMPDiCbraya","group","N6.Z_vs_N4.N","0.0571313936013416","0.137715358695807","0.369973110802446","0.0018761945135949","0.433303942386811"
"CbMPDiCbraya","group","N6.Z_vs_N6.N","0.0688996879124645","0.132069067016839","0.350742577731421","0.00119422605714933","0.447094441282127"
"CbMPDiCbraya","group","N6.Z_vs_N0.O","0.070997529772698","0.363469879734295","0.431417835330732","0.00549250536409483","0.12862224979818"
"CbMPDiCbraya","group","N6.Z_vs_N2.O","0.0669377540071975","0.400947876926063","0.402587621643819","0.0064763625891324","0.123050384833788"
"CbMPDiCbraya","group","N6.Z_vs_N4.O","0.0362300761195161","0.449376960651149","0.378369704664055","0.00515069005747066","0.13087256850781"
"CbMPDiCbraya","group","N6.Z_vs_N6.O","0.0808277429280202","0.389889526861359","0.391099421098043","0.00842707717460636","0.129756231937972"
"CbMPDiCbraya","group","N0.RH_vs_N2.RH","0.0234251007271992","0.374405629637055","0.384116517418636","0.00204530944116513","0.216007442775945"
"CbMPDiCbraya","group","N0.RH_vs_N4.RH","0.084952210360695","0.44622932318182","0.225808618101773","0.00892154957700475","0.234088298778707"
"CbMPDiCbraya","group","N0.RH_vs_N6.RH","0.101412911723532","0.370607486862847","0.291629661775639","0.0094735848174573","0.226876354820525"
"CbMPDiCbraya","group","N0.RH_vs_N0.RT","0.036104487307987","0.362442982494091","0.291818450168232","0.00251930568919984","0.30711477434049"
"CbMPDiCbraya","group","N0.RH_vs_N2.RT","0.0198486724596423","0.270292911673617","0.437709889353415","0.00403967722480244","0.268108849288524"
"CbMPDiCbraya","group","N0.RH_vs_N4.RT","0.151601377548192","0.205798513954378","0.317069257724971","0.00291807797242465","0.322612772800035"
"CbMPDiCbraya","group","N0.RH_vs_N6.RT","0.118670129309744","0.203364115262776","0.285618029357446","0.00385181300073726","0.388495913069297"
"CbMPDiCbraya","group","N0.RH_vs_N0.N","0.117975390976665","0.206099177285185","0.359096585181133","0.00239534210638876","0.314433504450628"
"CbMPDiCbraya","group","N0.RH_vs_N2.N","0.126959094574007","0.229967701557179","0.3741613291047","0.00298998078117343","0.26592189398294"
"CbMPDiCbraya","group","N0.RH_vs_N4.N","0.0934134949620859","0.155900843942009","0.314777040743778","0.000785609009947865","0.43512301134218"
"CbMPDiCbraya","group","N0.RH_vs_N6.N","0.161687471409832","0.161744728875086","0.238859494101339","0.000419337023998603","0.437288968589745"
"CbMPDiCbraya","group","N0.RH_vs_N0.O","0.114563409180806","0.360530306526659","0.430248175584193","0.00523294317370744","0.0894251655346348"
"CbMPDiCbraya","group","N0.RH_vs_N2.O","0.111487711098263","0.357094765653364","0.424216149007595","0.00537196339481223","0.101829410845966"
"CbMPDiCbraya","group","N0.RH_vs_N4.O","0.116986963484676","0.397198147696454","0.36847102088278","0.00424654910274736","0.113097318833342"
"CbMPDiCbraya","group","N0.RH_vs_N6.O","0.136455722203268","0.3166179618918","0.436791402495163","0.00660116255086644","0.103533750858903"
"CbMPDiCbraya","group","N2.RH_vs_N4.RH","0.0323251724696961","0.565704457059438","0.166323488249259","0.00275234829787515","0.232894533923731"
"CbMPDiCbraya","group","N2.RH_vs_N6.RH","0.038939048912886","0.488949303740149","0.23675480449734","0.00557085457211107","0.229785988277514"
"CbMPDiCbraya","group","N2.RH_vs_N0.RT","0.0615340629512319","0.473061641421251","0.211068961630935","0.00150765560951256","0.252827678387069"
"CbMPDiCbraya","group","N2.RH_vs_N2.RT","0.0184413197722984","0.432572246812579","0.259066969046388","0.00192524364744914","0.287994220721285"
"CbMPDiCbraya","group","N2.RH_vs_N4.RT","0.109889135170574","0.396296148618773","0.229521717815202","0.00141213576964375","0.262880862625807"
"CbMPDiCbraya","group","N2.RH_vs_N6.RT","0.083951752474467","0.306286170198438","0.283132275518152","0.00182985982571052","0.324799941983232"
"CbMPDiCbraya","group","N2.RH_vs_N0.N","0.097765519630522","0.30876825363961","0.349756754878578","0.00234256531371094","0.241366906537579"
"CbMPDiCbraya","group","N2.RH_vs_N2.N","0.162079724340361","0.315761717701568","0.271279796424682","0.00330083259979876","0.247577928933591"
"CbMPDiCbraya","group","N2.RH_vs_N4.N","0.134252255475362","0.27695350302347","0.250944157290932","0.000960547790719037","0.336889536419517"
"CbMPDiCbraya","group","N2.RH_vs_N6.N","0.178557329246528","0.167047634734432","0.30701750865074","0.000396899136273591","0.346980628232026"
"CbMPDiCbraya","group","N2.RH_vs_N0.O","0.202981262138899","0.29682198814035","0.310505641255366","0.00512826156067437","0.184562846904711"
"CbMPDiCbraya","group","N2.RH_vs_N2.O","0.169360135539696","0.361403211318121","0.314084315971763","0.00521135964253","0.149940977527891"
"CbMPDiCbraya","group","N2.RH_vs_N4.O","0.166545216412477","0.412200935331844","0.237349494837463","0.00361093203791587","0.180293421380301"
"CbMPDiCbraya","group","N2.RH_vs_N6.O","0.206965474072732","0.329007140765471","0.287044230148908","0.0069761821572784","0.17000697285561"
"CbMPDiCbraya","group","N4.RH_vs_N6.RH","0.00333965561401683","0.595484607392362","0.131618129200072","0.0186174139987457","0.250940193794803"
"CbMPDiCbraya","group","N4.RH_vs_N0.RT","0.0239436950575496","0.444046650828738","0.20906766344214","0.00211529056897459","0.320826700102598"
"CbMPDiCbraya","group","N4.RH_vs_N2.RT","0.0102994566542018","0.407373353653508","0.307513504616313","0.00369201136790762","0.271121673708069"
"CbMPDiCbraya","group","N4.RH_vs_N4.RT","0.0366809314685044","0.460235933323134","0.187450878800379","0.00292317530980303","0.312709081098179"
"CbMPDiCbraya","group","N4.RH_vs_N6.RT","0.0353162003010821","0.40160359997471","0.203313688580565","0.00273424409534046","0.357032267048302"
"CbMPDiCbraya","group","N4.RH_vs_N0.N","0.0251403442846342","0.324957547230442","0.323913059818313","0.00330496720040607","0.322684081466204"
"CbMPDiCbraya","group","N4.RH_vs_N2.N","0.047263250810752","0.390959360901234","0.27131922219196","0.0031970092428759","0.287261156853177"
"CbMPDiCbraya","group","N4.RH_vs_N4.N","0.0151950325103248","0.371355754701756","0.214240212756557","0.000918923148127773","0.398290076883234"
"CbMPDiCbraya","group","N4.RH_vs_N6.N","0.0282855612395072","0.319982773044436","0.202537496491706","0.000513533536880068","0.448680635687471"
"CbMPDiCbraya","group","N4.RH_vs_N0.O","0.0334711003630176","0.496723102804352","0.323714209439306","0.00600528387461652","0.140086303518709"
"CbMPDiCbraya","group","N4.RH_vs_N2.O","0.0222337962693139","0.553131305589782","0.300719616600751","0.00621022175121174","0.117705059788942"
"CbMPDiCbraya","group","N4.RH_vs_N4.O","0.0190843263391671","0.592569177906955","0.264321152251338","0.00394121873164474","0.120084124770896"
"CbMPDiCbraya","group","N4.RH_vs_N6.O","0.0479574834097593","0.545567499082518","0.262997088241859","0.00658221371723721","0.136895715548627"
"CbMPDiCbraya","group","N6.RH_vs_N0.RT","0.0385987796448077","0.356079435247018","0.293889149415049","0.00441140323453702","0.307021232458588"
"CbMPDiCbraya","group","N6.RH_vs_N2.RT","0.0283513298882714","0.307396062986526","0.385697931658701","0.00465254202761384","0.273902133438887"
"CbMPDiCbraya","group","N6.RH_vs_N4.RT","0.0286432589351676","0.360367346290998","0.289988987808588","0.00323117469271285","0.317769232272534"
"CbMPDiCbraya","group","N6.RH_vs_N6.RT","0.0376208065210735","0.352907121149623","0.260011168795593","0.0033480342704199","0.346112869263291"
"CbMPDiCbraya","group","N6.RH_vs_N0.N","0.0500433014467194","0.279926919014949","0.354924432709706","0.00271036748824349","0.312394979340382"
"CbMPDiCbraya","group","N6.RH_vs_N2.N","0.0666655803524395","0.275537983632633","0.351833422414021","0.00256792815607133","0.303395085444835"
"CbMPDiCbraya","group","N6.RH_vs_N4.N","0.0260437854282163","0.273059106879974","0.299135570349931","0.000966705176096877","0.400794832165782"
"CbMPDiCbraya","group","N6.RH_vs_N6.N","0.0418684306051305","0.280210674070889","0.241499359573328","0.00117158037766854","0.435249955372984"
"CbMPDiCbraya","group","N6.RH_vs_N0.O","0.0247847363681573","0.503551197377602","0.346142409686708","0.0081230761819818","0.117398580385551"
"CbMPDiCbraya","group","N6.RH_vs_N2.O","0.010754757982462","0.557541511754395","0.323132361035827","0.0087587411250989","0.0998126281022168"
"CbMPDiCbraya","group","N6.RH_vs_N4.O","0.00774070337711648","0.574228830330669","0.297042662905272","0.00835922268679386","0.112628580700148"
"CbMPDiCbraya","group","N6.RH_vs_N6.O","0.0259974455839461","0.533332807089227","0.305401734301808","0.010416388645106","0.124851624379912"
"CbMPDiCbraya","group","N0.RT_vs_N2.RT","0.0185972709035738","0.615987583604792","0.097584558114401","0.00157526813289124","0.266255319244342"
"CbMPDiCbraya","group","N0.RT_vs_N4.RT","0.0393534234289877","0.529754245190617","0.159375959190341","0.00147330562571607","0.270043066564339"
"CbMPDiCbraya","group","N0.RT_vs_N6.RT","0.0535613609744367","0.406925172344155","0.190855359704171","0.00165568356926426","0.347002423407973"
"CbMPDiCbraya","group","N0.RT_vs_N0.N","0.0581422522252484","0.503063585269304","0.192317587374389","0.0024904503666759","0.243986124764382"
"CbMPDiCbraya","group","N0.RT_vs_N2.N","0.0755194104835608","0.378033808865975","0.275996025949154","0.00379298389445119","0.266657770806858"
"CbMPDiCbraya","group","N0.RT_vs_N4.N","0.0213271592305853","0.375488800094257","0.208296362313405","0.000648947647523416","0.394238730714229"
"CbMPDiCbraya","group","N0.RT_vs_N6.N","0.0577183432044986","0.344191793064479","0.194887598131501","0.000356117858136635","0.402846147741385"
"CbMPDiCbraya","group","N0.RT_vs_N0.O","0.081723098442039","0.222670925038721","0.443548891944568","0.00827035236229554","0.243786732212377"
"CbMPDiCbraya","group","N0.RT_vs_N2.O","0.0942715892932801","0.269927850901081","0.35020142566097","0.00940477503658955","0.276194359108079"
"CbMPDiCbraya","group","N0.RT_vs_N4.O","0.0456497300196099","0.298558122989179","0.352577468538529","0.00636187223409501","0.296852806218587"
"CbMPDiCbraya","group","N0.RT_vs_N6.O","0.0991472475953039","0.231039066233677","0.405685147219034","0.00988055026543134","0.254247988686554"
"CbMPDiCbraya","group","N2.RT_vs_N4.RT","0.0364187835607402","0.450284578348653","0.191655008818541","0.00196310649358511","0.319678522778481"
"CbMPDiCbraya","group","N2.RT_vs_N6.RT","0.0573243945161268","0.312361386190074","0.242477630623731","0.00298369827311234","0.384852890396956"
"CbMPDiCbraya","group","N2.RT_vs_N0.N","0.0396121516116422","0.444578106948307","0.213132120513124","0.0023876400205843","0.300289980906343"
"CbMPDiCbraya","group","N2.RT_vs_N2.N","0.0348714067603193","0.323756344143929","0.319737797385918","0.00595201604830532","0.315682435661529"
"CbMPDiCbraya","group","N2.RT_vs_N4.N","0.0401497598296608","0.28033275539068","0.28475141135137","0.000965815063133163","0.393800258365156"
"CbMPDiCbraya","group","N2.RT_vs_N6.N","0.0558254548391693","0.215542872964871","0.259801087851176","0.000526569972136938","0.468304014372647"
"CbMPDiCbraya","group","N2.RT_vs_N0.O","0.0951285590784516","0.227763994225893","0.443981338350289","0.0113305516993192","0.221795556646047"
"CbMPDiCbraya","group","N2.RT_vs_N2.O","0.0786533965603235","0.215196464919202","0.462192832121444","0.0118548999393033","0.232102406459727"
"CbMPDiCbraya","group","N2.RT_vs_N4.O","0.05759723634356","0.289970040752929","0.39255941131951","0.00958902978770086","0.250284281796301"
"CbMPDiCbraya","group","N2.RT_vs_N6.O","0.135403919751374","0.185291799716187","0.444225952242465","0.0145543574331181","0.220523970856857"
"CbMPDiCbraya","group","N4.RT_vs_N6.RT","0.0112700611780534","0.426700831043944","0.179558424825649","0.00166299564712784","0.380807687305226"
"CbMPDiCbraya","group","N4.RT_vs_N0.N","0.0830091631468311","0.340663121241219","0.297620305026405","0.00200327121187784","0.276704139373667"
"CbMPDiCbraya","group","N4.RT_vs_N2.N","0.0433202785174551","0.326483822758012","0.335189033827908","0.00412120953759559","0.290885655359029"
"CbMPDiCbraya","group","N4.RT_vs_N4.N","0.0206840298308393","0.269725630369933","0.262306390871611","0.000688067179650032","0.446595881747967"
"CbMPDiCbraya","group","N4.RT_vs_N6.N","0.0202233992668727","0.296955142877804","0.247224983243272","0.00023942970641556","0.435357044905636"
"CbMPDiCbraya","group","N4.RT_vs_N0.O","0.0944055876000772","0.107415778547372","0.45161020013548","0.00851952080333382","0.338048912913737"
"CbMPDiCbraya","group","N4.RT_vs_N2.O","0.126599378708509","0.131030806768972","0.393805974618705","0.0100844378724828","0.338479402031332"
"CbMPDiCbraya","group","N4.RT_vs_N4.O","0.0881464952728486","0.177607947873565","0.384119539498821","0.00729460377413907","0.342831413580626"
"CbMPDiCbraya","group","N4.RT_vs_N6.O","0.140817903131472","0.114570558322308","0.431027610580564","0.0116023661117261","0.30198156185393"
"CbMPDiCbraya","group","N6.RT_vs_N0.N","0.0543674179379436","0.27363458577643","0.315683870107379","0.00372978863627895","0.352584337541969"
"CbMPDiCbraya","group","N6.RT_vs_N2.N","0.0395136013628608","0.280146215533179","0.333954898525673","0.00535109969905177","0.341034184879235"
"CbMPDiCbraya","group","N6.RT_vs_N4.N","0.0182261676655502","0.250418339312099","0.253025955566275","0.000691770838319871","0.477637766617756"
"CbMPDiCbraya","group","N6.RT_vs_N6.N","0.0238900891792316","0.233966491745426","0.237409197611107","0.00064490753918338","0.504089313925053"
"CbMPDiCbraya","group","N6.RT_vs_N0.O","0.0676705374523352","0.147501712102288","0.400025293714687","0.010413765689548","0.374388691041142"
"CbMPDiCbraya","group","N6.RT_vs_N2.O","0.0821802016625025","0.184140598238972","0.316738722749333","0.0123184949248777","0.404621982424315"
"CbMPDiCbraya","group","N6.RT_vs_N4.O","0.055508909915941","0.22087747170169","0.303625018335133","0.00933126281899827","0.410657337228238"
"CbMPDiCbraya","group","N6.RT_vs_N6.O","0.0918917399959004","0.162521221842347","0.361406591295189","0.0130671654900018","0.371113281376562"
"CbMPDiCbraya","group","N0.N_vs_N2.N","0.0379081696375295","0.441801181818193","0.283861888237434","0.00461406529518028","0.231814695011664"
"CbMPDiCbraya","group","N0.N_vs_N4.N","0.0199455054280841","0.270652701856217","0.330619775845022","0.00142529652225262","0.377356720348424"
"CbMPDiCbraya","group","N0.N_vs_N6.N","0.0520055028075334","0.264814716770502","0.324633340892058","0.00122807621157508","0.357318363318331"
"CbMPDiCbraya","group","N0.N_vs_N0.O","0.0694930604041626","0.202128057690258","0.418118276330534","0.0107469818491049","0.299513623725941"
"CbMPDiCbraya","group","N0.N_vs_N2.O","0.0822750350573851","0.230555528384925","0.377024919633068","0.0114293184559726","0.29871519846865"
"CbMPDiCbraya","group","N0.N_vs_N4.O","0.0624328571387075","0.304362433005038","0.317897539941335","0.00722539894534856","0.30808177096957"
"CbMPDiCbraya","group","N0.N_vs_N6.O","0.109259733137492","0.202915307487668","0.371544619776465","0.0118087342156631","0.304471605382712"
"CbMPDiCbraya","group","N2.N_vs_N4.N","0.0454746572157209","0.299616756227301","0.357057668031119","0.0026280864988593","0.295222832027001"
"CbMPDiCbraya","group","N2.N_vs_N6.N","0.0378237704493096","0.241259011060102","0.429242566034694","0.00250014492304203","0.289174507532852"
"CbMPDiCbraya","group","N2.N_vs_N0.O","0.072398372391184","0.26067518913555","0.424529775377279","0.0102079603485472","0.23218870274744"
"CbMPDiCbraya","group","N2.N_vs_N2.O","0.0661473645497555","0.239468354005028","0.452592903847679","0.00867250511864901","0.233118872478889"
"CbMPDiCbraya","group","N2.N_vs_N4.O","0.0598678308391268","0.29801097456043","0.373906925736179","0.00756336088005092","0.260650907984213"
"CbMPDiCbraya","group","N2.N_vs_N6.O","0.108977255586275","0.226969762634807","0.418082522947405","0.00945627134769003","0.236514187483823"
"CbMPDiCbraya","group","N4.N_vs_N6.N","0.00204261908142669","0.115238040329193","0.380376550845319","9.91178373605293e-05","0.502243671906701"
"CbMPDiCbraya","group","N4.N_vs_N0.O","0.0583301436019361","0.21958908981531","0.341089742091492","0.00643090195442059","0.374560122536842"
"CbMPDiCbraya","group","N4.N_vs_N2.O","0.066259854750737","0.220798605695527","0.300430189284896","0.00663840287812456","0.405872947390715"
"CbMPDiCbraya","group","N4.N_vs_N4.O","0.0541532206682583","0.248226934846568","0.275959033147051","0.00470331195752283","0.416957499380599"
"CbMPDiCbraya","group","N4.N_vs_N6.O","0.0983447009416553","0.185220494322797","0.312900241174828","0.00860040554940444","0.394934158011316"
"CbMPDiCbraya","group","N6.N_vs_N0.O","0.101971368487929","0.142933320786131","0.30807355709415","0.00682293071686034","0.440198822914929"
"CbMPDiCbraya","group","N6.N_vs_N2.O","0.109095102038468","0.151793323376055","0.277121505162995","0.00468465612789516","0.457305413294586"
"CbMPDiCbraya","group","N6.N_vs_N4.O","0.100810046042372","0.223379603671608","0.241174685245215","0.00525602957517193","0.429379635465633"
"CbMPDiCbraya","group","N6.N_vs_N6.O","0.162144555692928","0.14397554417332","0.267835232905359","0.00645126006233451","0.419593407166058"
"CbMPDiCbraya","group","N0.O_vs_N2.O","0.00352667210772004","0.285504725118221","0.522342438395604","0.0174603902119879","0.171165774166468"
"CbMPDiCbraya","group","N0.O_vs_N4.O","0.0143300648810531","0.398535476339086","0.40111862022201","0.0148354784030973","0.171180360154754"
"CbMPDiCbraya","group","N0.O_vs_N6.O","0.00778630302396361","0.360884347958331","0.473546992720609","0.00966541903477148","0.148116937262326"
"CbMPDiCbraya","group","N2.O_vs_N4.O","0.00724510310379781","0.44059908846295","0.320657149883282","0.0216011512301445","0.209897507319825"
"CbMPDiCbraya","group","N2.O_vs_N6.O","0.00767572559176136","0.436113216740454","0.359499377738274","0.0218856454855878","0.174826034443923"
"CbMPDiCbraya","group","N4.O_vs_N6.O","0.000519341090018565","0.52239435946274","0.259972847120181","0.0233552792487269","0.193758173078333"
