"Method","name1","name2","HeS","HoS","DL","HD","DR"
"CbMPDiCbraya","N0.N.1","N0.N.2",0.00397707572760091,0.318543906537431,0.342213571261023,0,0.335265446473945
"CbMPDiCbraya","N0.N.1","N0.N.3",0.0947619727793989,0.440178806140843,0.086865450929016,0.014782758349061,0.363411011801681
"CbMPDiCbraya","N0.N.1","N0.N.4",0.2764985417389,0.175960106871163,0.299708347779976,0.000622055434317065,0.247210948175644
"CbMPDiCbraya","N0.N.1","N0.N.5",0.129499346544717,0.333396125544144,0.241384948650415,0.000142764949179115,0.295576814311545
"CbMPDiCbraya","N0.N.1","N0.O.1",0.0623824767229505,0.124712841492919,0.373032360746769,0.000795453832784462,0.439076867204578
"CbMPDiCbraya","N0.N.1","N0.O.2",0.028838897840142,0.11010381187412,0.297587240725255,0.0105137566029655,0.552956292957517
"CbMPDiCbraya","N0.N.1","N0.O.3",0.0186443098137609,0.130254069704461,0.339220307456223,0.00942388325101585,0.502457429774539
"CbMPDiCbraya","N0.N.1","N0.O.4",0.0601329716721392,0.0959874480082827,0.283608471346269,0.00248812357314627,0.557782985400163
"CbMPDiCbraya","N0.N.1","N0.O.5",0.0209204594136967,0.146230066517086,0.33156970197235,0.00768030580053668,0.49359946629633
"CbMPDiCbraya","N0.N.1","N0.RH.1",0.0420241745876995,0.211894703186887,0.258640257165762,0.00280430334598169,0.48463656171367
"CbMPDiCbraya","N0.N.1","N0.RH.2",0.0137062088518201,0.148251244261042,0.1384756067572,0.00217219067525878,0.697394749454679
"CbMPDiCbraya","N0.N.1","N0.RH.3",0.117591770889187,0.238911466560289,0.153359369085586,0.000244767042219427,0.489892626422717
"CbMPDiCbraya","N0.N.1","N0.RH.4",0.240875755392978,0.0886685005636617,0.2818275921311,0.000234531766408326,0.388393620145852
"CbMPDiCbraya","N0.N.1","N0.RH.5",0.578784503428842,0.0100246784394844,0.0799800143089957,0.000254946159556146,0.330955857663121
"CbMPDiCbraya","N0.N.1","N0.RT.1",0.202743359298909,0.324310344878008,0.212095357962872,0.000367137146578772,0.260483800713632
"CbMPDiCbraya","N0.N.1","N0.RT.2",0.0543600203977563,0.332223768224312,0.230021429583763,0.000183569821800237,0.383211211972369
"CbMPDiCbraya","N0.N.1","N0.RT.3",0,0.59090681808447,0.0975297463317672,9.17770068382662e-05,0.311471658576925
"CbMPDiCbraya","N0.N.1","N0.RT.4",0.16032573055596,0.470736129018408,0.063847290123246,0.00113187704232478,0.303958973260062
"CbMPDiCbraya","N0.N.1","N0.RT.5",0.0791519714473446,0.368307640757962,0.0588704766600152,0.000152958211816532,0.493516952922862
"CbMPDiCbraya","N0.N.1","N0.Z.1",0.038852581240749,0.191151758033552,0.253873129593246,0.00316116133452182,0.512961369797931
"CbMPDiCbraya","N0.N.1","N0.Z.2",0.0197002179088555,0.272029557217272,0.10385967733108,0.00334454295417389,0.601066004588619
"CbMPDiCbraya","N0.N.1","N0.Z.3",0.115197389383743,0.175811212446574,0.223802345121844,7.13771716320735e-05,0.485117675876207
"CbMPDiCbraya","N0.N.1","N0.Z.4",0.0550738705754403,0.200718848043754,0.208600626697832,0.000948580969611304,0.534658073713363
"CbMPDiCbraya","N0.N.1","N0.Z.5",0.017923167151978,0.108614381530353,0.238634928205944,0.00595377859361849,0.628873744518106
"CbMPDiCbraya","N0.N.1","N2.N.1",0.00559849890885358,0.118659623503498,0.218596398197059,0,0.65714547939059
"CbMPDiCbraya","N0.N.1","N2.N.2",0.00397707572760091,0.198008071967071,0.630262924122509,0.000673067920208131,0.167078860262611
"CbMPDiCbraya","N0.N.1","N2.N.3",0.112235129662663,0.435796747326906,0.111420756925661,8.15810405661724e-05,0.340465785044205
"CbMPDiCbraya","N0.N.1","N2.N.4",0.218481328486285,0.188565560744269,0.253423023179115,0.0013665831016223,0.338163504488709
"CbMPDiCbraya","N0.N.1","N2.N.5",0.000244657056977,0.181360639042349,0.335926225501992,0.0109272501918925,0.47154122820679
"CbMPDiCbraya","N0.N.1","N2.O.1",0.0419503455684368,0.109278338048502,0.272769428747461,0.00768020297501355,0.568321684660586
"CbMPDiCbraya","N0.N.1","N2.O.2",0.0102446483180428,0.159166575241431,0.258797804197644,0.00556604154674576,0.566224930696137
"CbMPDiCbraya","N0.N.1","N2.O.3",0.118768272889555,0.148061767368341,0.138168323153633,0.00185522768084581,0.593146408907626
"CbMPDiCbraya","N0.N.1","N2.O.4",0.091821333877218,0.110687196181392,0.191360248959113,0.00242707173070396,0.603704149251574
"CbMPDiCbraya","N0.N.1","N2.O.5",0.0177191444242807,0.10050529646874,0.24940032402102,0.00378255972356944,0.62859267536239
"CbMPDiCbraya","N0.N.1","N2.RH.1",0.208012700577327,0.109545176422598,0.200569435205579,0.000387515350365881,0.481485172444129
"CbMPDiCbraya","N0.N.1","N2.RH.2",0.257283350899875,0.344639380218578,0.0843855610563595,0.000458913944793127,0.313232793880394
"CbMPDiCbraya","N0.N.1","N2.RH.3",0.0329483942646309,0.47306409227907,0.182862519396425,0.00447658240650953,0.306648411653365
"CbMPDiCbraya","N0.N.1","N2.RH.4",0.151702296359889,0.0693132917990515,0.405796366298195,0.000632336271291296,0.372555709271573
"CbMPDiCbraya","N0.N.1","N2.RH.5",0.139524065728706,0.00285545289522527,0.383117704092941,0.000265144205610522,0.474237633077518
"CbMPDiCbraya","N0.N.1","N2.RT.1",0.129885412219726,0.0820179144751294,0.102270487861094,0.000927906350648619,0.684898279093401
"CbMPDiCbraya","N0.N.1","N2.RT.2",0.102535160243835,0.402413397396147,0.108696100296482,0.0011727066602311,0.385182635403305
"CbMPDiCbraya","N0.N.1","N2.RT.3",0.166434925980862,0.293277998495157,0.0801533679887038,5.09881503538578e-05,0.460082719384923
"CbMPDiCbraya","N0.N.1","N2.RT.4",0.0280534640396865,0.297400538724773,0.240300269763346,0.000407872760079949,0.433837854712115
"CbMPDiCbraya","N0.N.1","N2.RT.5",0.0849496471630185,0.3364459203623,0.131235005595504,0.00243694535730659,0.444932481521871
"CbMPDiCbraya","N0.N.1","N2.Z.1",0.0524844350383755,0.192655877655018,0.277742942090792,0.00148870737704445,0.475628037838769
"CbMPDiCbraya","N0.N.1","N2.Z.2",0.0957104981901111,0.181380443134186,0.258269477498291,0.0184286101479437,0.446210971029467
"CbMPDiCbraya","N0.N.1","N2.Z.3",0.0885152840676617,0.163003198616219,0.12008555734477,0.000856504849408874,0.62753945512194
"CbMPDiCbraya","N0.N.1","N2.Z.4",0.0901268618276223,0.125252307150502,0.322928352698438,0.0135871246900538,0.448105353633384
"CbMPDiCbraya","N0.N.1","N2.Z.5",0.0318167580739118,0.123004325583916,0.582107227087637,5.09881503538578e-05,0.263020701104181
"CbMPDiCbraya","N0.N.1","N4.N.1",0.00397707572760091,0.152577739199707,0.470727238842675,0,0.372717946230017
"CbMPDiCbraya","N0.N.1","N4.N.2",0,0.173689418771896,0.283154639750692,0.000387476672144034,0.542768464805268
"CbMPDiCbraya","N0.N.1","N4.N.3",0.00397707572760091,0.159021843323612,0.271358936183231,0.00019375497134466,0.565448389794212
"CbMPDiCbraya","N0.N.1","N4.N.4",0,0.121984995682414,0.38171300694767,0,0.496301997369916
"CbMPDiCbraya","N0.N.1","N4.N.5",0,0.164101390807407,0.321770516318261,0,0.514128092874332
"CbMPDiCbraya","N0.N.1","N4.O.1",0.00937009319113359,0.134812166713978,0.166844015956208,0.00705572691641102,0.681917997222269
"CbMPDiCbraya","N0.N.1","N4.O.2",0.0284316676946261,0.185998647879961,0.203339855531161,0.004763185691704,0.577466643202548
"CbMPDiCbraya","N0.N.1","N4.O.3",0.00838228095937347,0.122318337131813,0.258965730069667,0.00332437332851168,0.607009278510634
"CbMPDiCbraya","N0.N.1","N4.O.4",0.110440684584413,0.0928719743575001,0.4015536747566,0.00135638235751688,0.39377728394397
"CbMPDiCbraya","N0.N.1","N4.O.5",0.0109132448034596,0.138790962164164,0.209955241662837,0.00438557169944633,0.635954979670093
"CbMPDiCbraya","N0.N.1","N4.RH.1",0,0.319094042544513,0.113968713670943,0.000438498093043177,0.566498745691501
"CbMPDiCbraya","N0.N.1","N4.RH.2",0.0334584242622015,0.375721482327507,0.0867716342721951,0.0025086169974098,0.501539842140686
"CbMPDiCbraya","N0.N.1","N4.RH.3",0.0162020395319199,0.349833330374144,0.112376828660603,0.000897245049858276,0.520690556383474
"CbMPDiCbraya","N0.N.1","N4.RH.4",0.151903003468633,0.392197631473325,0.0817645860531225,0.000550645819526911,0.373584133185393
"CbMPDiCbraya","N0.N.1","N4.RH.5",0.0501554888138122,0.372943801742655,0.0827438790855553,0.000254968417500347,0.493901861940477
"CbMPDiCbraya","N0.N.1","N4.RT.1",0.0682645247511137,0.274393052164632,0.362045424811419,5.09881503538578e-05,0.295246010122481
"CbMPDiCbraya","N0.N.1","N4.RT.2",0.0753635603418385,0.35892521166345,0.262653907699084,0.000356925372149093,0.302700394923478
"CbMPDiCbraya","N0.N.1","N4.RT.3",0.00949344249629439,0.278694096941744,0.397361814538561,0.00138674875311616,0.313063897270284
"CbMPDiCbraya","N0.N.1","N4.RT.4",0.00731157223491656,0.195901681867089,0.212267322094698,0.00147857587564228,0.583040847927654
"CbMPDiCbraya","N0.N.1","N4.RT.5",0.00190672349450415,0.305529784180112,0.366500045594555,0.00178438312733539,0.324279063603493
"CbMPDiCbraya","N0.N.1","N4.Z.1",0.0479773264823424,0.169776209020034,0.279091545143993,0.00919598363881951,0.49395893571481
"CbMPDiCbraya","N0.N.1","N4.Z.2",0.231891881752227,0.163461376800342,0.0879158629981543,0.00220313081019762,0.514527747639079
"CbMPDiCbraya","N0.N.1","N4.Z.3",0.0881483143317493,0.219687544614632,0.191501295099019,0.00712814341946932,0.493534702535131
"CbMPDiCbraya","N0.N.1","N4.Z.4",0.0805478344914677,0.232241259651847,0.0892565642114829,0.000540295396778477,0.597414046248424
"CbMPDiCbraya","N0.N.1","N4.Z.5",0.0277681466827109,0.276121229426281,0.155819787481389,0.00155003977075728,0.538740796638861
"CbMPDiCbraya","N0.N.1","N6.N.1",0.00397707572760091,0.154555281352614,0.416114295037833,9.1778670636944e-05,0.425261569211315
"CbMPDiCbraya","N0.N.1","N6.N.2",0.00397707572760091,0.180610226183435,0.118537251942649,0,0.696875446146316
"CbMPDiCbraya","N0.N.1","N6.N.3",0.00693413141219735,0.190298170439024,0.249925018398459,0,0.55284267975032
"CbMPDiCbraya","N0.N.1","N6.N.4",0.0187945344263568,0.175247502388664,0.409835672647764,0.000193757883170501,0.395928532654045
"CbMPDiCbraya","N0.N.1","N6.N.5",0.00397707572760091,0.304555328981765,0.34071702288703,0,0.350750572403604
"CbMPDiCbraya","N0.N.1","N6.O.1",0.0718756687062135,0.0921330585524218,0.243563865886008,0.00332372032580607,0.58910368652955
"CbMPDiCbraya","N0.N.1","N6.O.2",0.0449044975920333,0.114619565278102,0.177620028998494,0.00702961696594373,0.655826291165427
"CbMPDiCbraya","N0.N.1","N6.O.3",0.00155985563689008,0.141805680581108,0.235900992313972,0.00545476644966674,0.615278705018363
"CbMPDiCbraya","N0.N.1","N6.O.4",0.051770200269201,0.0994109955019313,0.269982721353894,0.00409928881485809,0.574736794060116
"CbMPDiCbraya","N0.N.1","N6.O.5",0.126523878729056,0.112969988449999,0.260003779625348,0.010943103328722,0.489559249866875
"CbMPDiCbraya","N0.N.1","N6.RH.1",0.0437222307395964,0.437926912785101,0.0833764494974923,0.000601847632140466,0.434372559345669
"CbMPDiCbraya","N0.N.1","N6.RH.2",0.0891066519762784,0.366396406606891,0.183827851328182,0.000326307316646634,0.360342782772003
"CbMPDiCbraya","N0.N.1","N6.RH.3",0.0342134415919804,0.328809373405804,0.0930339950090506,0.000662895042667883,0.543280294950497
"CbMPDiCbraya","N0.N.1","N6.RH.4",0.0377299668522204,0.301055829751196,0.120705356354814,0,0.540508847041769
"CbMPDiCbraya","N0.N.1","N6.RH.5",0.0993859774382407,0.159326686123317,0.347961897152378,0.00082616405504163,0.392499275231022
"CbMPDiCbraya","N0.N.1","N6.RT.1",0,0.262142153870093,0.350442041329635,5.09881503538578e-05,0.387364816649918
"CbMPDiCbraya","N0.N.1","N6.RT.2",0.0638371642430299,0.227917032081744,0.213181456629479,0,0.495064347045747
"CbMPDiCbraya","N0.N.1","N6.RT.3",0.0101664060155526,0.288748490197154,0.305915643498765,0.000101971101654943,0.395067489186873
"CbMPDiCbraya","N0.N.1","N6.RT.4",0.010769570123939,0.258491277772333,0.379376142842237,0.000336537600357273,0.351026471661134
"CbMPDiCbraya","N0.N.1","N6.RT.5",0.0427443476068783,0.283354501228173,0.286207837884331,0.00063220835253399,0.387061104928083
"CbMPDiCbraya","N0.N.1","N6.Z.1",0.0326933016912323,0.140063843399329,0.444023370251971,0.000418087858713534,0.382801396798755
"CbMPDiCbraya","N0.N.1","N6.Z.2",0.362788287247496,0.023166653071213,0.285653503855698,0,0.328391555825593
"CbMPDiCbraya","N0.N.1","N6.Z.3",0.0463214481390265,0.174341861347996,0.289954509957443,0.00061198137405988,0.488770199181475
"CbMPDiCbraya","N0.N.1","N6.Z.4",0.0279443717354303,0.278029077185471,0.286376390672744,0.00447559317149857,0.403174567234856
"CbMPDiCbraya","N0.N.1","N6.Z.5",0.0209051416450817,0.293916093899778,0.261406049234158,0.00448695723113948,0.419285757989843
"CbMPDiCbraya","N0.N.2","N0.N.3",0.0522170302201726,0.304184069907849,0.397449161007859,0.000561069409546679,0.245588669454573
"CbMPDiCbraya","N0.N.2","N0.N.4",0.0265648263343599,0.166521773944076,0.503728415336497,0.000418102832901634,0.302766881552165
"CbMPDiCbraya","N0.N.2","N0.N.5",0.0175395659977158,0.334044857227405,0.481494583360344,8.15793767335618e-05,0.166839414037802
"CbMPDiCbraya","N0.N.2","N0.O.1",0.187423513094558,0.0469527941372294,0.387193560864281,0.00105042183217134,0.37737971007176
"CbMPDiCbraya","N0.N.2","N0.O.2",0.0599445183279259,0.0787971183408943,0.50438097879691,0.00270247596889796,0.354174908565372
"CbMPDiCbraya","N0.N.2","N0.O.3",0.013575260591967,0.253452428636353,0.352879139720841,0.0124428560082325,0.367650315042607
"CbMPDiCbraya","N0.N.2","N0.O.4",0.0473558623783982,0.121673368548728,0.488496638123038,0.00263090994611315,0.339843221003723
"CbMPDiCbraya","N0.N.2","N0.O.5",0.0209204594136967,0.168730457305501,0.382482050705713,0.00464079790120839,0.42322623467388
"CbMPDiCbraya","N0.N.2","N0.RH.1",0.00995268396149453,0.112192756479166,0.418239029823515,0.00392612918298891,0.455689400552836
"CbMPDiCbraya","N0.N.2","N0.RH.2",0.00629232275434446,0.125815866773116,0.344564858482032,0.00311049182548875,0.520216460165019
"CbMPDiCbraya","N0.N.2","N0.RH.3",0.072827539256817,0.119426419097151,0.365381105277825,0.000101986700934198,0.442262949667273
"CbMPDiCbraya","N0.N.2","N0.RH.4",0.0752900870771051,0.0827946681419547,0.526219871216249,0.000163158755163769,0.315532214809527
"CbMPDiCbraya","N0.N.2","N0.RH.5",0.419292663525669,0.0104734020342125,0.32504537816401,0.000214162295282244,0.244974393980827
"CbMPDiCbraya","N0.N.2","N0.RT.1",0.174108144491811,0.0987007159320374,0.341352724009219,0.000295755400085667,0.385542660166847
"CbMPDiCbraya","N0.N.2","N0.RT.2",0.0583273194997809,0.231829973861461,0.417957127496076,0.00021417311217964,0.291671406030502
"CbMPDiCbraya","N0.N.2","N0.RT.3",0.00168273376235855,0.496977302550489,0.281006815321068,4.07888564844085e-05,0.2202923595096
"CbMPDiCbraya","N0.N.2","N0.RT.4",0.0230350369131623,0.446068088293871,0.326585139821705,0.000448668270995636,0.203863066700266
"CbMPDiCbraya","N0.N.2","N0.RT.5",0.0514451386733369,0.271859902398906,0.335895204005663,0,0.340799754922094
"CbMPDiCbraya","N0.N.2","N0.Z.1",0.00651601982338425,0.0585116296022937,0.510910107273515,0.00372212916444791,0.420340114136359
"CbMPDiCbraya","N0.N.2","N0.Z.2",0.000560812464311934,0.158356402899552,0.346009726219786,0.00551657433274659,0.489556484083603
"CbMPDiCbraya","N0.N.2","N0.Z.3",0.0973165336397266,0.0851651975238117,0.358255831122306,0.00117260787992495,0.45808982983423
"CbMPDiCbraya","N0.N.2","N0.Z.4",0.0312729498164015,0.0863320641969345,0.467997120122413,0.00109139126886985,0.413306474595381
"CbMPDiCbraya","N0.N.2","N0.Z.5",0.00122334135301554,0.0723403705322224,0.463731838508418,0.00664728359460885,0.456057166011735
"CbMPDiCbraya","N0.N.2","N2.N.1",0.00559849890885358,0.212278538407626,0.48117104712366,0,0.300951915559861
"CbMPDiCbraya","N0.N.2","N2.N.2",0,0.0853201152800138,0.80202798989341,0.00112181730706521,0.111530077519511
"CbMPDiCbraya","N0.N.2","N2.N.3",0.0113302925014608,0.381160939238269,0.40520370186983,0,0.20230506639044
"CbMPDiCbraya","N0.N.2","N2.N.4",0.19269994084892,0.0873600261080629,0.47768576498664,0.00155016623493177,0.240704101821445
"CbMPDiCbraya","N0.N.2","N2.N.5",0.00419013088767014,0.147888987915377,0.450683564488092,0.00727791850489334,0.389959398203967
"CbMPDiCbraya","N0.N.2","N2.O.1",0.0387074800332447,0.244296451574265,0.429205143333429,0.00764960424551809,0.280141320813543
"CbMPDiCbraya","N0.N.2","N2.O.2",0.107534741045454,0.229837106753904,0.347082928383696,0.0075441743629709,0.308001049453975
"CbMPDiCbraya","N0.N.2","N2.O.3",0.0850352615058497,0.196537187555942,0.344052586516523,0.00829666632633545,0.36607829809535
"CbMPDiCbraya","N0.N.2","N2.O.4",0.117754436059555,0.188306584207403,0.402783586916716,0.00292685752443967,0.288228535291885
"CbMPDiCbraya","N0.N.2","N2.O.5",0.0562465591419775,0.0880962303831996,0.419636496717321,0.00533251802254446,0.430688195734958
"CbMPDiCbraya","N0.N.2","N2.RH.1",0.0733326534774628,0.110483394372332,0.4458388273743,5.09891902916582e-05,0.370294135585614
"CbMPDiCbraya","N0.N.2","N2.RH.2",0.102604634086644,0.341356001254262,0.327156408225567,8.15860324712409e-05,0.228801370401055
"CbMPDiCbraya","N0.N.2","N2.RH.3",0.00300817816572512,0.352579062643849,0.330450008972371,0.000305916423633063,0.313656833794421
"CbMPDiCbraya","N0.N.2","N2.RH.4",0.014411602717092,0.063980066890669,0.650963759700225,0.000305978826265222,0.270338591865749
"CbMPDiCbraya","N0.N.2","N2.RH.5",0.00223337208590834,0.00321239241146176,0.648027736769923,0,0.346526498732707
"CbMPDiCbraya","N0.N.2","N2.RT.1",0.0177828740037471,0.10250665610834,0.343644289486092,0.000938116252927204,0.535128064148894
"CbMPDiCbraya","N0.N.2","N2.RT.2",0.0970998531571219,0.287671210529959,0.349519380252788,0.00108093714152194,0.264628618918609
"CbMPDiCbraya","N0.N.2","N2.RT.3",0.0303476893418197,0.287842776899552,0.326218171975143,0,0.355591361783485
"CbMPDiCbraya","N0.N.2","N2.RT.4",0.00397700919940796,0.199476485186474,0.385181105083969,0.000744392890856433,0.410621007639292
"CbMPDiCbraya","N0.N.2","N2.RT.5",0.0595060872402472,0.238986452618543,0.330235703635124,2.03927646471032e-05,0.371251363741439
"CbMPDiCbraya","N0.N.2","N2.Z.1",0.0259197324414716,0.0882719436524846,0.523695508094327,0.0105944762823346,0.351518339529382
"CbMPDiCbraya","N0.N.2","N2.Z.2",0.0703897852203888,0.118801884675791,0.502049890876456,0.000346747710445265,0.308411691516919
"CbMPDiCbraya","N0.N.2","N2.Z.3",0.0939086811999103,0.0801640430974458,0.339034990243499,0.00088708526214899,0.486005200196996
"CbMPDiCbraya","N0.N.2","N2.Z.4",0.0646328535899213,0.137796600535207,0.440468496598888,8.15427895788315e-05,0.357020506486404
"CbMPDiCbraya","N0.N.2","N2.Z.5",0.00140735906012891,0.0157461154996523,0.795685339014261,0,0.187161186425958
"CbMPDiCbraya","N0.N.2","N4.N.1",0,0.000458926216950062,0.749262168061173,0,0.250278905721877
"CbMPDiCbraya","N0.N.2","N4.N.2",0.00216190800886393,0.123336700574743,0.403255970513074,0.000214129855177343,0.471031291048142
"CbMPDiCbraya","N0.N.2","N4.N.3",0,0.123926274802465,0.349223909973945,0,0.52684981522359
"CbMPDiCbraya","N0.N.2","N4.N.4",0.000224366581633717,0.000305957190569482,0.557396211666069,0,0.442073464561728
"CbMPDiCbraya","N0.N.2","N4.N.5",0.00358973571863886,0.146813649129082,0.481853039841217,0,0.367743575311062
"CbMPDiCbraya","N0.N.2","N4.O.1",0.0232264116315586,0.272317711898862,0.366941003708925,0.00890146555067301,0.328613407209981
"CbMPDiCbraya","N0.N.2","N4.O.2",0.0131068951448388,0.220624195685244,0.372270805834206,0.00600754659563311,0.387990556740078
"CbMPDiCbraya","N0.N.2","N4.O.3",0.0507423723282754,0.340966849746782,0.337445595056933,0.00618998184687063,0.264655201021139
"CbMPDiCbraya","N0.N.2","N4.O.4",0.00245797976501305,0.37443552789736,0.373521583515539,0.00197854345597974,0.247606365366108
"CbMPDiCbraya","N0.N.2","N4.O.5",0.0824204965016421,0.185902518069665,0.342955275551717,0.00517091567907024,0.383550794197906
"CbMPDiCbraya","N0.N.2","N4.RH.1",0,0.182415224177986,0.330735773055866,0.000407905202830862,0.486441097563318
"CbMPDiCbraya","N0.N.2","N4.RH.2",0.00454814301156411,0.257225049193181,0.327788613869352,0.000254940751769289,0.410183253174134
"CbMPDiCbraya","N0.N.2","N4.RH.3",0.0154672811435796,0.23419125130774,0.328654959927498,0.000540386223210098,0.421146121397973
"CbMPDiCbraya","N0.N.2","N4.RH.4",0.0151629481584207,0.38623203722604,0.325881657046117,0.000632226029160909,0.272091131540261
"CbMPDiCbraya","N0.N.2","N4.RH.5",0.0137891644908616,0.260729412430519,0.327289130936457,0.000285574412532637,0.39790671772963
"CbMPDiCbraya","N0.N.2","N4.RT.1",0.0446063179245598,0.151645669531132,0.326462884516638,0,0.47728512802767
"CbMPDiCbraya","N0.N.2","N4.RT.2",0.0798608986518183,0.24541671797775,0.359086460469709,0.00010198046054376,0.315533942440178
"CbMPDiCbraya","N0.N.2","N4.RT.3",0.00533284665508072,0.264710014946159,0.295676317705066,0.000142752263643038,0.434138068430052
"CbMPDiCbraya","N0.N.2","N4.RT.4",0,0.171893661410938,0.266116863972638,0.00131541379450993,0.560674060821914
"CbMPDiCbraya","N0.N.2","N4.RT.5",0.010573648469523,0.273890057128146,0.344010935044056,0.00173340163299072,0.369791957725284
"CbMPDiCbraya","N0.N.2","N4.Z.1",0.0206243373297447,0.054186097124124,0.420347850668171,0.00964482161913326,0.495196893258827
"CbMPDiCbraya","N0.N.2","N4.Z.2",0.207407634086133,0.0575411883742023,0.327289331934422,0.00310072154149327,0.40466112406375
"CbMPDiCbraya","N0.N.2","N4.Z.3",0.0465317860129306,0.122137041149666,0.357494311929512,0.0037324299500367,0.470104430957855
"CbMPDiCbraya","N0.N.2","N4.Z.4",0.0340353094675039,0.157119142109795,0.32985703011959,0.000407730571638261,0.478580787731473
"CbMPDiCbraya","N0.N.2","N4.Z.5",0.00238624543656054,0.0675491673168815,0.476623035568278,0.00166221370153576,0.451779337976745
"CbMPDiCbraya","N0.N.2","N6.N.1",0,0.073245342120509,0.630815412788153,0,0.295939245091338
"CbMPDiCbraya","N0.N.2","N6.N.2",0,0.12986127803163,0.457393155690735,0,0.412745566277634
"CbMPDiCbraya","N0.N.2","N6.N.3",0.0163455246170853,0.0044871090975627,0.500950098102126,0,0.478217268183226
"CbMPDiCbraya","N0.N.2","N6.N.4",0.0129104667259294,0.111190533434313,0.357035993657043,0.000132571894758311,0.518730434287956
"CbMPDiCbraya","N0.N.2","N6.N.5",0,0.177232792899155,0.461268096451251,0,0.361499110649594
"CbMPDiCbraya","N0.N.2","N6.O.1",0.153710499490316,0.094352840007629,0.354393661925078,0.00318099721081939,0.394362001366157
"CbMPDiCbraya","N0.N.2","N6.O.2",0.141304791445596,0.111205068925512,0.378703593228612,0.0160887378049524,0.352697808595327
"CbMPDiCbraya","N0.N.2","N6.O.3",0.0300858430357034,0.200934208613012,0.39741089971675,0.00471063475790647,0.366858413876628
"CbMPDiCbraya","N0.N.2","N6.O.4",0.0629563160256149,0.19263167683551,0.378579793611264,0.00710780830321269,0.358724405224398
"CbMPDiCbraya","N0.N.2","N6.O.5",0.124291192428507,0.168083113144864,0.36785936609287,0.0121261867057651,0.327640141627994
"CbMPDiCbraya","N0.N.2","N6.RH.1",0.0143122373199494,0.339005090224829,0.327952493949859,0.000397845513526747,0.318332332991836
"CbMPDiCbraya","N0.N.2","N6.RH.2",0.0609760456574427,0.242005577745522,0.329328322291242,0.000275319166292776,0.367414735139501
"CbMPDiCbraya","N0.N.2","N6.RH.3",0.00486466640830563,0.204050829134966,0.330103820343892,0.000815876965753564,0.460164807147082
"CbMPDiCbraya","N0.N.2","N6.RH.4",0.0123990537564239,0.184721504026559,0.341869910574138,0.000295701117546293,0.460713830525333
"CbMPDiCbraya","N0.N.2","N6.RH.5",0.0533546847269538,0.269894513774849,0.328584580283098,0.000785377695273454,0.347380843519826
"CbMPDiCbraya","N0.N.2","N6.RT.1",0,0.0114411209855997,0.417338682449499,0,0.571220196564901
"CbMPDiCbraya","N0.N.2","N6.RT.2",0.0810858894349589,0.115693546690881,0.42463397826536,0,0.3785865856088
"CbMPDiCbraya","N0.N.2","N6.RT.3",0.0128884900889143,0.196522148524771,0.347487956651197,5.09829513010849e-05,0.443050421783816
"CbMPDiCbraya","N0.N.2","N6.RT.4",0.0164705162461501,0.167152793358762,0.44873233116446,0.000367144634589104,0.367277214596039
"CbMPDiCbraya","N0.N.2","N6.RT.5",0.0396443429317236,0.199836040359342,0.399874828291017,0.00329354357753095,0.357351244840386
"CbMPDiCbraya","N0.N.2","N6.Z.1",0.00997287541043787,0.0404931784572735,0.653603997453696,0.000438480207207391,0.295491468471385
"CbMPDiCbraya","N0.N.2","N6.Z.2",0.225497593604699,0.0803188251631917,0.367310128117059,0,0.326873453115051
"CbMPDiCbraya","N0.N.2","N6.Z.3",0.0167788657690738,0.0805385061763775,0.494476099552535,0.000397796817625459,0.407808731684388
"CbMPDiCbraya","N0.N.2","N6.Z.4",0.0257309464584268,0.164019618331055,0.420700806416097,0.00530160810629176,0.384247020688129
"CbMPDiCbraya","N0.N.2","N6.Z.5",0.0169994493279762,0.181059495987341,0.367232499526341,0.00470120480676,0.430007350351582
"CbMPDiCbraya","N0.N.3","N0.N.4",0.0191080267420926,0.739307593224352,0.100169962429435,0.0184640628522563,0.122950354751864
"CbMPDiCbraya","N0.N.3","N0.N.5",0.0226439680569739,0.669589711817002,0.0961476390357066,0.0413881095592236,0.170230571531094
"CbMPDiCbraya","N0.N.3","N0.O.1",0.236838792607362,0.211926656079633,0.38106098509896,0.0201979225755894,0.149975643638456
"CbMPDiCbraya","N0.N.3","N0.O.2",0.0449322515191057,0.227626086144414,0.531751502420831,0.0159042429605942,0.179785916955054
"CbMPDiCbraya","N0.N.3","N0.O.3",0.029655099012903,0.364632823425106,0.438437804597566,0.0220451368594542,0.145229136104971
"CbMPDiCbraya","N0.N.3","N0.O.4",0.074298379638893,0.204724451180482,0.526679225762018,0.017127728111785,0.177170215306822
"CbMPDiCbraya","N0.N.3","N0.O.5",0.0646465511020011,0.304540863571793,0.441993457954784,0.0235043133605602,0.165314814010862
"CbMPDiCbraya","N0.N.3","N0.RH.1",0.0153503298963325,0.271702001297073,0.498606656597814,0.00952470435503696,0.204816307853744
"CbMPDiCbraya","N0.N.3","N0.RH.2",0.143617899688849,0.297238151108776,0.293181616020378,0.00274359691526253,0.263218736266735
"CbMPDiCbraya","N0.N.3","N0.RH.3",0.124774989018621,0.311978801331988,0.306585518291694,0.00444695229853725,0.252213739059159
"CbMPDiCbraya","N0.N.3","N0.RH.4",0.0241930281404976,0.195170085899936,0.629661421862622,0.0018361789764916,0.149139285120452
"CbMPDiCbraya","N0.N.3","N0.RH.5",0.0116615993633563,0.179748813454418,0.654165705705746,0.00171388061918783,0.152710000857292
"CbMPDiCbraya","N0.N.3","N0.RT.1",0.018007631562838,0.610087086467091,0.156427609761482,0.0152929094637541,0.200184762744834
"CbMPDiCbraya","N0.N.3","N0.RT.2",0.0159344647941156,0.565181213224053,0.234318657575659,0.00585497641497728,0.178710687991195
"CbMPDiCbraya","N0.N.3","N0.RT.3",0.00711122900810088,0.644648274871928,0.1025371940498,0.0181985059244204,0.22750479614575
"CbMPDiCbraya","N0.N.3","N0.RT.4",0.0273077225265332,0.620727980114407,0.0719977217582382,0.00308024866611021,0.276886326934712
"CbMPDiCbraya","N0.N.3","N0.RT.5",0.0309814742414686,0.61896035765063,0.0924890856006847,0.00135670014756894,0.256212382359648
"CbMPDiCbraya","N0.N.3","N0.Z.1",0.0331136922174057,0.146295388689685,0.513580175642948,0.00529263003853683,0.301718113411424
"CbMPDiCbraya","N0.N.3","N0.Z.2",0.0416669906915998,0.256887875056856,0.415585224991032,0.00480288967144276,0.28105701958907
"CbMPDiCbraya","N0.N.3","N0.Z.3",0.152793586384633,0.179826527775798,0.368256010115024,0.00688278893346704,0.292241086791078
"CbMPDiCbraya","N0.N.3","N0.Z.4",0.162586863522449,0.228261027781633,0.378038768548015,0.0023665894089502,0.228746750738953
"CbMPDiCbraya","N0.N.3","N0.Z.5",0.0305987339588158,0.0950483000662954,0.507780755049452,0.00638222649009924,0.360189984435338
"CbMPDiCbraya","N0.N.3","N2.N.1",0.0635360250454177,0.414314580318693,0.17471593649017,0.000581374783005296,0.346852083362714
"CbMPDiCbraya","N0.N.3","N2.N.2",0.0410246510548144,0.361190657945962,0.482398064044208,0.00160163718380212,0.113784989771214
"CbMPDiCbraya","N0.N.3","N2.N.3",0.0354336436302291,0.692132235342969,0.0829058753328832,0.0312326213797334,0.158295624314185
"CbMPDiCbraya","N0.N.3","N2.N.4",0.0419323189635146,0.581056757027516,0.147960315555928,0.00230544343836022,0.226745165014681
"CbMPDiCbraya","N0.N.3","N2.N.5",0.0422673308916759,0.618363567910906,0.161649664951223,0.0244151503068746,0.15330428593932
"CbMPDiCbraya","N0.N.3","N2.O.1",0.182208522749744,0.194648088591913,0.457162032481723,0.0228512468680399,0.143130109308581
"CbMPDiCbraya","N0.N.3","N2.O.2",0.042629646595869,0.273713872492409,0.50676931858556,0.0268946600588607,0.149992502267302
"CbMPDiCbraya","N0.N.3","N2.O.3",0.0323726407962273,0.299017852921917,0.482013790163046,0.0216606174725603,0.164935098646249
"CbMPDiCbraya","N0.N.3","N2.O.4",0.170820423656652,0.195389773348216,0.406874189150974,0.0158943339170339,0.211021279927123
"CbMPDiCbraya","N0.N.3","N2.O.5",0.0577600853415774,0.205086802416889,0.566249168927583,0.0175553609252684,0.153348582388682
"CbMPDiCbraya","N0.N.3","N2.RH.1",0.02138347491439,0.396617070163352,0.409316427264024,0.0142929861784803,0.158390041479754
"CbMPDiCbraya","N0.N.3","N2.RH.2",0.18373511880848,0.2006223670631,0.458933775145608,0.0142320095019701,0.142476729480842
"CbMPDiCbraya","N0.N.3","N2.RH.3",0.0235778423500676,0.534003035067292,0.275503615690093,0.000887195498492626,0.166028311394056
"CbMPDiCbraya","N0.N.3","N2.RH.4",0.333122954237599,0.2230329956635,0.249579930578792,0.0134160910812661,0.180848028438843
"CbMPDiCbraya","N0.N.3","N2.RH.5",0.0805171078620402,0.370365390781544,0.320161139840321,0.00301916642130031,0.225937195094795
"CbMPDiCbraya","N0.N.3","N2.RT.1",0.0204761838902727,0.662044289399032,0.127924349503815,0.00246793084040013,0.187087246366481
"CbMPDiCbraya","N0.N.3","N2.RT.2",0.0187728283714571,0.707624768246536,0.12036715864123,0.0135991667830338,0.139636077957743
"CbMPDiCbraya","N0.N.3","N2.RT.3",0.0187728283714571,0.660212719119581,0.0547572599377895,0.00363075044673394,0.262626442124439
"CbMPDiCbraya","N0.N.3","N2.RT.4",0.00711122900810088,0.469953950700017,0.204986761567238,0.00141769285329994,0.316530365871344
"CbMPDiCbraya","N0.N.3","N2.RT.5",0.0579134569293107,0.327799844079968,0.453797672296931,0.0132869160631639,0.147202110630626
"CbMPDiCbraya","N0.N.3","N2.Z.1",0.0420990005401557,0.179979813901373,0.450038079490594,0.0101565581310143,0.317726547936863
"CbMPDiCbraya","N0.N.3","N2.Z.2",0.021615697901678,0.218607595555589,0.481775942825323,0.00156073511883094,0.276440028598579
"CbMPDiCbraya","N0.N.3","N2.Z.3",0.0350746216290882,0.304809144747337,0.441780030542741,0.00192717243527359,0.21640903064556
"CbMPDiCbraya","N0.N.3","N2.Z.4",0.0693540614304661,0.178449491260606,0.469594584248616,0.000938494787309331,0.281663368273002
"CbMPDiCbraya","N0.N.3","N2.Z.5",0.0304239978677856,0.184836050997365,0.660494189299663,0.00358985534963088,0.120655906485556
"CbMPDiCbraya","N0.N.3","N4.N.1",0.0401269206439896,0.279986910691682,0.444791137659247,0.000469281378782273,0.234625749626299
"CbMPDiCbraya","N0.N.3","N4.N.2",0.0284653212806334,0.31849147715064,0.231818850492142,0.0166478602477141,0.40457649082887
"CbMPDiCbraya","N0.N.3","N4.N.3",0.0413206276654356,0.495749054220532,0.0686812486926711,0.0123144524436958,0.381934616977666
"CbMPDiCbraya","N0.N.3","N4.N.4",0.0524006737082497,0.228615920961327,0.321938932284409,0.000530476518111708,0.396513996527903
"CbMPDiCbraya","N0.N.3","N4.N.5",0.0543085681637317,0.349312180824909,0.288012322439329,0.00123446487128311,0.307132463700747
"CbMPDiCbraya","N0.N.3","N4.O.1",0.14699652861077,0.251566620016991,0.404408209284811,0.0178308115297794,0.179197830557649
"CbMPDiCbraya","N0.N.3","N4.O.2",0.0275237522792209,0.265093286326168,0.518361085886223,0.0161396611698125,0.172882214338576
"CbMPDiCbraya","N0.N.3","N4.O.3",0.177275535086518,0.333148409522765,0.298932579083912,0.00534419306536978,0.185299283241435
"CbMPDiCbraya","N0.N.3","N4.O.4",0.142886611508608,0.377295742349723,0.283531981377307,0.00493677164285584,0.191348893121505
"CbMPDiCbraya","N0.N.3","N4.O.5",0.100460034600197,0.23369719803983,0.441407603813315,0.018750575025352,0.205684588521306
"CbMPDiCbraya","N0.N.3","N4.RH.1",0.0230166305869381,0.107482282867824,0.556593123832868,0.0019583345090319,0.310949628203339
"CbMPDiCbraya","N0.N.3","N4.RH.2",0.0375800698688168,0.250156327003414,0.526849628140788,0.00321268795413416,0.182201287032847
"CbMPDiCbraya","N0.N.3","N4.RH.3",0.0358084810112808,0.225470941667603,0.51840560339243,0.0102983189411352,0.210016654987552
"CbMPDiCbraya","N0.N.3","N4.RH.4",0.00868198930328041,0.576426012474614,0.261586058455261,0.0174135591483731,0.135892380618472
"CbMPDiCbraya","N0.N.3","N4.RH.5",0.0318478657815229,0.200417180813102,0.556079803563923,0.00132619254091212,0.21032895730054
"CbMPDiCbraya","N0.N.3","N4.RT.1",0.0886634432267676,0.449018207509894,0.182288753908159,0.00045904941426331,0.279570545940916
"CbMPDiCbraya","N0.N.3","N4.RT.2",0.112807541481423,0.455054720989615,0.271175257724613,0.0132834869772696,0.147678992827079
"CbMPDiCbraya","N0.N.3","N4.RT.3",0.043409106444659,0.489710015864078,0.312325858271764,0.00155000239664709,0.153005017022852
"CbMPDiCbraya","N0.N.3","N4.RT.4",0.0886301507426831,0.260688627240309,0.426848135570921,0.0154043781499603,0.208428708296127
"CbMPDiCbraya","N0.N.3","N4.RT.5",0.0499562893800157,0.398013462469566,0.336451963525856,0.00129543365660934,0.214282850967953
"CbMPDiCbraya","N0.N.3","N4.Z.1",0.0321235567836494,0.0740522817741539,0.55229181805115,0.0180358726776883,0.323496470713359
"CbMPDiCbraya","N0.N.3","N4.Z.2",0.215162979271962,0.179191475843658,0.330965561688693,0.00454977298023834,0.270130210215448
"CbMPDiCbraya","N0.N.3","N4.Z.3",0.0795153565810969,0.113243923881633,0.442244950410321,0.00320248533001924,0.361793283796929
"CbMPDiCbraya","N0.N.3","N4.Z.4",0.0395598706847386,0.2548578476444,0.459313226061409,0.00121329796499073,0.245055757644462
"CbMPDiCbraya","N0.N.3","N4.Z.5",0.0336876814772439,0.216355383101852,0.534107014717773,0.00445702854879923,0.211392892154332
"CbMPDiCbraya","N0.N.3","N6.N.1",0.0874875017854592,0.269410057480628,0.44546521745071,0.000489666028986464,0.197147557254216
"CbMPDiCbraya","N0.N.3","N6.N.2",0.0686471352094176,0.40922028031539,0.0986417510014058,0.000703771314075309,0.422787062159711
"CbMPDiCbraya","N0.N.3","N6.N.3",0.0658006650245044,0.3260160899092,0.337221119502741,0.000428447794913031,0.270533677768642
"CbMPDiCbraya","N0.N.3","N6.N.4",0.0723350913323803,0.360722082720696,0.131219954463293,0.0241847407273077,0.411538130756323
"CbMPDiCbraya","N0.N.3","N6.N.5",0.0911604464668313,0.334821682206417,0.315508780851092,0.00163202740174714,0.256877063073912
"CbMPDiCbraya","N0.N.3","N6.O.1",0.0775218499959658,0.173683291452653,0.549089222873505,0.0209513600659558,0.17875427561192
"CbMPDiCbraya","N0.N.3","N6.O.2",0.1107141039142,0.209640399398081,0.505707691126475,0.0227625996757276,0.151175205885515
"CbMPDiCbraya","N0.N.3","N6.O.3",0.1471709505925,0.236261238380398,0.419882658102028,0.0215536512148582,0.175131501710216
"CbMPDiCbraya","N0.N.3","N6.O.4",0.0940657686310568,0.181192471137724,0.507605932682644,0.0207890603207078,0.196346767227867
"CbMPDiCbraya","N0.N.3","N6.O.5",0.192994473266029,0.206940181825437,0.443594706840817,0.0311622948345335,0.125308343233183
"CbMPDiCbraya","N0.N.3","N6.RH.1",0.0384123741784913,0.181428886045909,0.604300049366013,0.0065390325675397,0.169319657842047
"CbMPDiCbraya","N0.N.3","N6.RH.2",0.136326221855332,0.251201860964298,0.423667613882057,0.00781176064708911,0.180992542651224
"CbMPDiCbraya","N0.N.3","N6.RH.3",0.0213021343681962,0.252263799388738,0.508327097035617,0.012330294418606,0.205776674788842
"CbMPDiCbraya","N0.N.3","N6.RH.4",0.00949732163681224,0.232071793315033,0.494615829572637,0.00542526784401714,0.258389787631501
"CbMPDiCbraya","N0.N.3","N6.RH.5",0.0240062063540067,0.209279958406045,0.566658495728888,0.00186679757572131,0.198188541935339
"CbMPDiCbraya","N0.N.3","N6.RT.1",0.0514518334115535,0.393156100717412,0.148761087908893,0.00155038875468526,0.405080589207456
"CbMPDiCbraya","N0.N.3","N6.RT.2",0.061923545989154,0.240830883438041,0.245768124498334,0.022165557859783,0.429311888214687
"CbMPDiCbraya","N0.N.3","N6.RT.3",0.0377038483923646,0.499405325959209,0.220962852805706,0.00206005516228204,0.239867917680438
"CbMPDiCbraya","N0.N.3","N6.RT.4",0.0195948541314409,0.346728690741151,0.455600659597079,0.0176074567468765,0.160468338783453
"CbMPDiCbraya","N0.N.3","N6.RT.5",0.075505414229427,0.281236521564956,0.368156197882424,0.0165056193255581,0.258596246997635
"CbMPDiCbraya","N0.N.3","N6.Z.1",0.0398874724448155,0.174948192890005,0.568847285471367,0.00194828463642601,0.214368764557386
"CbMPDiCbraya","N0.N.3","N6.Z.2",0.132103577040015,0.428000983994367,0.295658052260749,0.00197865742198676,0.142258729282883
"CbMPDiCbraya","N0.N.3","N6.Z.3",0.0205247846049554,0.166451653752126,0.546900364952568,0.00103027022417975,0.265092926466171
"CbMPDiCbraya","N0.N.3","N6.Z.4",0.0455718539030724,0.204732397351207,0.481721881990015,0.00453696315942226,0.263436903596284
"CbMPDiCbraya","N0.N.3","N6.Z.5",0.0471582763665387,0.205291294070067,0.501390100928954,0.00416094769365629,0.241999380940784
"CbMPDiCbraya","N0.N.4","N0.N.5",0.0518338354979812,0.581574386275625,0.300134674105556,0.00156022700187423,0.0648968771189636
"CbMPDiCbraya","N0.N.4","N0.O.1",0.187861243682197,0.245196162251005,0.315512151813644,0.00628194416771495,0.245148498085439
"CbMPDiCbraya","N0.N.4","N0.O.2",0.0350390569231711,0.269074667047378,0.412167812200445,0.0115539148701842,0.272164548958822
"CbMPDiCbraya","N0.N.4","N0.O.3",0.0335739580877417,0.428322100511615,0.30137669736659,0.00977064926928802,0.226956594764765
"CbMPDiCbraya","N0.N.4","N0.O.4",0.0634266718332552,0.295482587807559,0.419888232385497,0.00906546311274871,0.212137044860941
"CbMPDiCbraya","N0.N.4","N0.O.5",0.0429087541770138,0.34294741600781,0.376011712550334,0.015043716174354,0.223088401090487
"CbMPDiCbraya","N0.N.4","N0.RH.1",0.0130119105890031,0.483068495356471,0.171185195537552,0.00960597660187473,0.323128421915099
"CbMPDiCbraya","N0.N.4","N0.RH.2",0.081571302191368,0.340601017416479,0.0867643750022453,0.00370192691213014,0.487361378477778
"CbMPDiCbraya","N0.N.4","N0.RH.3",0.0812146549395011,0.573630951023426,0.15265991766184,0.000989270999061722,0.191505205376172
"CbMPDiCbraya","N0.N.4","N0.RH.4",0.0737708261108959,0.478458624768941,0.313451691767572,0.000673003656759884,0.133645853695831
"CbMPDiCbraya","N0.N.4","N0.RH.5",0.00132574598706888,0.363332890115282,0.467914827676469,0.00015297069081564,0.167273565530365
"CbMPDiCbraya","N0.N.4","N0.RT.1",0,0.743280039775745,0.0611468510909143,0.000295751240079927,0.195277357893261
"CbMPDiCbraya","N0.N.4","N0.RT.2",0.0159085874664044,0.620887963032598,0.142900604744944,0.000336538017019715,0.219966306739034
"CbMPDiCbraya","N0.N.4","N0.RT.3",0.175402280097077,0.452552894486164,0.216168769511936,0.0101770264198456,0.145699029484976
"CbMPDiCbraya","N0.N.4","N0.RT.4",0.0024372335869144,0.666380539407288,0.208867529060211,0.00211083143567723,0.120203866509909
"CbMPDiCbraya","N0.N.4","N0.RT.5",0.0209252374214612,0.749940606442714,0.0578809492423843,3.05920583129758e-05,0.171222614835128
"CbMPDiCbraya","N0.N.4","N0.Z.1",0.0244937083188873,0.242710945722997,0.423896344405657,0.00322233380455703,0.305676667747901
"CbMPDiCbraya","N0.N.4","N0.Z.2",0.126812348620116,0.535263495664171,0.0992181740970251,0.00482301734758872,0.233882964271099
"CbMPDiCbraya","N0.N.4","N0.Z.3",0.135550826473122,0.253911577436882,0.266275288240518,0.011808189103388,0.332454118746089
"CbMPDiCbraya","N0.N.4","N0.Z.4",0.119495823760521,0.28481189691222,0.4189565211997,0.00121378113635816,0.175521976991201
"CbMPDiCbraya","N0.N.4","N0.Z.5",0.0294417485625739,0.261833763987309,0.360989136907929,0.0190042562852837,0.328731094256905
"CbMPDiCbraya","N0.N.4","N2.N.1",0.0265648263343599,0.470437070424833,0.183485957863393,0,0.319512145377414
"CbMPDiCbraya","N0.N.4","N2.N.2",0,0.793339456273746,0.133236853439033,0.00589427136412277,0.0675294189230977
"CbMPDiCbraya","N0.N.4","N2.N.3",5.09912702945256e-05,0.886221923855687,0.0660107963308772,0.000295735015981176,0.0474205535271606
"CbMPDiCbraya","N0.N.4","N2.N.4",0,0.738221454491869,0.107009250164219,0.00171326175597228,0.15305603358794
"CbMPDiCbraya","N0.N.4","N2.N.5",0.000142699881762955,0.786717256003357,0.089858229301243,0.0170042918198192,0.106277522993818
"CbMPDiCbraya","N0.N.4","N2.O.1",0.122093174971893,0.309864181942036,0.423053142725839,0.00605837622381458,0.138931124136418
"CbMPDiCbraya","N0.N.4","N2.O.2",0.113236425078053,0.354935473326274,0.324185985562276,0.0187073342748417,0.188934781758554
"CbMPDiCbraya","N0.N.4","N2.O.3",0.0847295259059965,0.354817157332553,0.309847501627732,0.00617658077884321,0.244429234354876
